[-0.93547928 -0.75802469 -0.93316239 -0.88209146  3.51021314]
[ 3.26179338 -0.75514615 -1.02742469 -0.46214381 -1.01668429]
[ 1.08362651  2.81213284 -0.97073138 -2.05474544 -0.86906308]
[-0.87337828 -0.72343159 -0.93336624 -1.65252852  4.18436718]
[-0.88362098 -0.84213865 -1.2369231   4.1081233  -1.14522839]
[ 1.35156596 -0.72873724 -1.17476296  1.72070432 -1.16834629]
[ 1.2609514  -0.69896901 -1.20027006  1.82505441 -1.18628919]
[-0.4761349   4.42008448 -0.94319808 -2.07085705 -0.92849892]
[-0.3234241   3.29705954 -1.05548012 -0.86533165 -1.05147982]
[ 0.7883063  -0.67201567 -1.18240654  2.27957296 -1.21303284]
[-0.88511014 -0.72142208 -0.93210053 -1.69696784  4.23727751]
[ 0.26055995  3.64949274 -0.96208441 -1.9883883  -0.9583748 ]
[-0.71463281 -0.74466002 -1.18153775  3.80690145 -1.16593969]
[-0.88489127 -0.72091913 -0.93171436 -1.70780778  4.24701214]
[ 1.12398577 -0.71469128 -1.20189512  1.99462795 -1.20157886]
[-0.88895619 -0.72223842 -0.92966717 -1.68317771  4.22571278]
[ 2.60204387 -0.68336141 -1.11640835  0.32390255 -1.12565041]
[-0.88739836 -0.72096241 -0.93165874 -1.70748925  4.2491889 ]
[-0.88596094 -0.72113323 -0.93125659 -1.70390677  4.24393606]
[ 2.19107103  1.73326766 -0.93843532 -2.1730125  -0.81188315]
[-1.04199874 -0.86853838  3.66537213 -0.75083095 -1.00482011]
[ 1.15731096  2.34956717 -1.06555223 -1.34750605 -1.09246802]
[ 3.80801225 -0.68688738 -1.04184365 -1.04410386 -1.0346446 ]
[-0.95288622  4.52825928 -0.84555358 -1.78078294 -0.94769627]
[ 1.62349033 -0.67858803 -1.19455791  1.45228148 -1.20210338]
[-0.87912118 -0.72108054 -0.93334925 -1.65656686  4.19178343]
[-0.98562133 -0.85071003  4.55090714 -1.73518562 -0.98017281]
[ 1.49529743 -0.68469393 -0.93391144  1.06188726 -0.93828005]
[ 2.70522094 -0.61480522 -1.17233884  0.26368648 -1.18110406]
[-0.90867949  0.11314073 -0.9474144  -1.49674892  3.24133921]
[-0.97881651 -0.84994853  4.44624805 -1.71133351 -0.90683085]
[-0.91528094  4.86379242 -0.94690871 -2.06268811 -0.93746334]
[-0.96584189 -0.83563423 -1.25249434  4.30961657 -1.25545347]
[-0.87912607 -0.72094452 -0.93183279 -1.7066946   4.24027634]
[-0.98574209 -0.85097218  4.54877281 -1.73258758 -0.98025358]
[-0.97033441 -0.81693697 -1.24418187  4.28314447 -1.25150645]
[-1.11513746 -0.8717649   1.73563099  0.93791693 -0.68741089]
[-0.12294278  2.18508601  0.23662196 -1.21084857 -1.08678186]
[ 0.30296791 -0.74511087 -1.21396208  2.87876129 -1.22231162]
[-0.93898249 -0.7799027  -1.23354566  4.10239649 -1.14973402]
[-0.71285093 -0.82306075 -1.24131656  4.02530861 -1.24786043]
[-0.97559571 -0.83236992  3.6850419  -1.47514796 -0.40255508]
[-0.16954404 -0.80827892 -1.21872449  3.40367937 -1.20687425]
[ 0.75344908  3.35050297 -0.96461189 -2.19713378 -0.94102257]
[ 1.66748834  2.28305244 -0.93575943 -2.09039569 -0.9232927 ]
[ 1.71458197 -0.68206787 -1.17146778  1.32659769 -1.18714106]
[ 0.20885372 -0.78368247 -1.21290624  3.0024724  -1.21443117]
[-0.90050042  0.30643591 -0.94481051 -1.71847653  3.25905275]
[-0.69176966  4.52662373 -0.98190075 -1.86902618 -0.98246807]
[-0.06488061  3.73688126 -1.02076411 -1.6259613  -1.02387667]
[ 0.95267898 -0.72051501 -1.20813596  2.19118166 -1.21477699]
[-0.98825228 -0.84721506  4.45308495 -1.63935232 -0.97904855]
[ 1.72091079 -0.65653336 -1.18623853  1.29221296 -1.16982162]
[ 0.98883152 -0.71746874 -1.18679738  2.1206615  -1.2047857 ]
[ 0.96015477 -0.15172398 -1.09970689  1.41752386 -1.12592494]
[-0.16199943  4.181005   -0.96440232 -2.09201479 -0.9612537 ]
[-0.90180182 -0.75815201 -0.9345907  -0.93006825  3.5260756 ]
[-0.88188541 -0.72226346 -0.93283987 -1.6794343   4.21809435]
[-0.96567929 -0.83523214 -1.25272357  4.30954313 -1.25571477]
[ 1.74868619 -0.67191231 -1.19292426  1.31688476 -1.2001965 ]
[-0.77462059 -0.85452557 -1.20083725  4.02582455 -1.19573903]
[ 1.3119812  -0.78706777 -1.12872112  1.73133492 -1.12722468]
[ 0.21108043  3.6233294  -0.91557997 -2.00848794 -0.90900379]
[-0.88547218 -0.72095215 -0.93171751 -1.70732665  4.24714851]
[-0.87921977 -0.7253195  -0.93429625 -1.61468601  4.15517473]
[ 0.80878901  0.11696537 -0.8731212   1.10097289 -1.15297258]
[ 1.57075453  2.41082716 -0.94314325 -2.11441445 -0.92289913]
[-0.67200249  4.10263443 -1.06274605 -1.29380584 -1.07244194]
[-1.01262188 -0.85979784  4.12703228 -1.26345253 -0.99195856]
[-0.87463987 -0.72411907 -0.92961931 -1.64313054  4.17316771]
[-0.91139615 -0.7192055  -0.94915563 -1.26624393  3.84756565]
[-0.96992421 -0.8355571  -1.2529217   4.31453896 -1.25594318]
[ 1.52609754 -0.74571168 -1.04077196  1.28359675 -1.02304983]
[ 0.33745897  3.626513   -0.98145056 -2.01863527 -0.96260273]
[-0.87143278 -0.73035204 -0.9360584  -1.49949527  4.03895807]
[ 1.94873893 -0.70445395 -1.14677644  1.0495069  -1.1465528 ]
[ 0.91689521  2.99626088 -0.93821216 -2.07838655 -0.89534855]
[ 0.90252668 -0.72320056 -1.14158928  2.17580652 -1.21311486]
[ 0.41967264 -0.7536819  -1.2187866   2.7792697  -1.2261076 ]
[ 2.12800264 -0.14133167 -1.13728595  0.3039349  -1.15261245]
[ 0.25703672 -0.94500804 -1.05298293  2.78478098 -1.04386747]
[ 1.64709139 -0.67774129 -1.19608855  1.43027687 -1.20301199]
[-0.88003564 -0.72211134 -0.92970014 -1.68395972  4.21747828]
[ 1.56272936 -0.18332765 -1.02289975  0.71209419 -1.06814384]
[-1.03850913 -0.86807978  3.70091271 -0.80290568 -0.99222893]
[-0.92639518 -0.77219093 -0.94597781 -0.65255821  3.29851389]
[-0.04716757  0.03238504 -1.20214665  2.42586923 -1.20839107]
[-0.88710225 -0.72110236 -0.93168592 -1.70452237  4.24609232]
[ 0.25904512 -0.82301354 -1.17867768  2.90929437 -1.1664151 ]
[ 0.6523152   3.14971209 -0.96096683 -1.88793254 -0.95193392]
[ 0.90241778  2.65654802 -1.06842566 -1.42356086 -1.06562388]
[-0.782664    4.53614712 -0.96674705 -1.82792401 -0.95741403]
[ 0.21174936  3.63469887 -0.9192121  -2.01444888 -0.91144651]
[ 2.50542426 -0.62109303 -1.11620748  0.40786701 -1.175354  ]
[-0.10949101  4.05272388 -0.96115321 -2.03156209 -0.94924104]
[-0.65101141 -0.81521106 -1.24587321  3.96171141 -1.2493825 ]
[-0.9040786  -0.71424568 -0.94356894 -1.38573289  3.94922161]
[ 1.65722251 -0.67225444 -0.75472039  0.95824534 -1.18795919]
[ 1.57135928 -0.68213093 -1.18241549  1.49720263 -1.20349932]
[ 0.9284997   3.09810638 -0.94070107 -2.15992785 -0.92479587]
[-0.87088758 -0.81711769 -1.20821679  4.02808285 -1.13164115]
[ 1.19437885 -0.28530407 -1.09004736  1.26320481 -1.08184814]
[ 2.69036412 -0.61475062 -1.17336047  0.28052187 -1.18211579]
[-0.88684857 -0.72100139 -0.93159813 -1.70654345  4.24767113]
[-0.95580471 -0.7673161  -0.82111758 -0.85031098  3.39596939]
[-1.00238991 -0.13955213  2.58297849 -0.46774632 -0.97389579]
[ 1.80562639  2.21289277 -0.9343366  -2.15848327 -0.92461687]
[-0.96062517 -0.84711981 -1.23621225  4.13358498 -1.08940613]
[-0.73341125 -0.73276448 -0.92723483 -1.45053101  3.84552002]
[-0.77258116 -0.81853569 -1.14593017  3.91084862 -1.17364359]
[ 1.57566154 -0.72617352 -1.12773418  1.41607666 -1.13739431]
[ 1.16220009  2.72304654 -0.95930427 -2.04030132 -0.88446945]
[ 0.63016993 -0.24891067 -1.20207906  2.03044295 -1.20907736]
[-0.91038787 -0.48156247 -0.94675952 -1.41636992  3.75668836]
[-1.01500511 -0.86277926  3.9372592  -1.06355953 -0.99671966]
[ 1.85273802  1.59088409 -0.94064951 -1.8160069  -0.68597615]
[-0.97061944 -0.8355509  -1.25269485  4.31482601 -1.25576806]
[ 1.10276246 -0.90085602 -1.06366408  1.90911102 -1.04726505]
[-0.86480618 -0.74043918 -0.94059771 -1.29811239  3.84551764]
[ 3.28624582 -0.62017179 -1.12668371 -0.4167012  -1.12203479]
[-1.1264472  -0.90123391  1.30354977  1.73273396 -1.00938618]
[ 1.42838693 -0.71255386 -1.18463588  1.65791392 -1.18865454]
[ 1.05499196 -0.7498945  -1.1815567   2.06007957 -1.18324006]
[-0.86028206 -0.84923828 -1.23237991  4.17503262 -1.23297083]
[ 4.04171276 -0.74190748 -0.9880417  -1.3383193  -0.97301453]
[-0.87974286 -0.72353566 -0.9340868  -1.65261388  4.19164276]
[-0.99667025 -0.83294261  4.22495174 -1.41737223 -0.97874999]
[ 0.68039536 -0.76984453 -1.18015718  2.45034909 -1.18041372]
[-0.89917278  0.28202626 -0.94554967 -1.68613243  3.25051999]
[-0.88354373 -0.72233927 -0.93364561 -1.65606141  4.19725561]
[-1.01801646 -0.84363711  3.93020535 -1.0762291  -0.99312061]
[-0.37979907  3.97290206 -1.03387892 -1.52433443 -1.0333848 ]
[ 1.77215159 -0.70309901 -1.16837347  1.27073479 -1.17093563]
[-0.88699985 -0.72103667 -0.93173105 -1.70569539  4.24714231]
[-1.00610125 -0.83456159  2.96868396 -0.94317871 -0.18542434]
[-0.19876838  4.20187187 -0.96462905 -2.07304883 -0.9640795 ]
[-0.88888681 -0.72322905 -0.93325108 -1.65995836  4.20699263]
[ 2.09269667 -0.81115055 -1.06605804  0.83893496 -1.05414891]
[-0.88693476 -0.72100604 -0.93170571 -1.70646095  4.24778748]
[-1.02633095 -0.8643111   3.91375828 -1.0260402  -0.99788266]
[-0.88695431 -0.72422612 -0.93061984 -1.64013648  4.18359756]
[ 1.23104167  2.74648356 -0.94880575 -2.14137053 -0.88619119]
[-0.96128488 -0.77479446 -0.94740248 -0.5817253   3.26658535]
[-0.92794001 -0.74363315 -0.80723166 -1.15360951  3.63391161]
[-0.87181193 -0.74046111 -0.94530225 -1.26836395  3.82749557]
[-0.92152572 -0.83118939 -1.14465499  4.14905596 -1.25148761]
[ 1.65641761  2.42537379 -0.95695835 -2.1844604  -0.93929213]
[-0.89003646 -0.72799134 -0.93964565 -1.49136662  4.05066156]
[ 1.10630274  2.79741788 -0.9400894  -2.07967424 -0.88276267]
[-0.9154011  -0.74569416 -0.94544268 -1.12958848  3.73765111]
[ 3.13065839 -0.60184109 -0.96266645 -0.60536855 -0.96024603]
[-0.68181109 -0.79802871 -0.82467413  3.53014755 -1.22538483]
[-0.63754123 -0.73768544 -1.13165629  3.72653341 -1.21938252]
[ 0.93211728 -0.72459948 -1.20861363  2.21514106 -1.21361721]
[ 1.59658587 -0.70145071 -1.16736984  1.43920445 -1.16651726]
[-0.8787055  -0.72186482  3.58451223 -1.11351085 -0.87113434]
[ 0.56561232 -0.74013591 -1.21359551  2.61148214 -1.22297847]
[-0.8868283  -0.72105336 -0.93143719 -1.70556188  4.2465601 ]
[-0.88171697 -0.72437525 -0.93117386 -1.63361239  4.17253637]
[ 0.62940115 -0.77752972 -1.18024909  2.50625896 -1.17755783]
[ 2.16298532 -0.85293508 -1.03024101  0.73291755 -1.01253259]
[ 0.8833971   0.62404215  0.33338946 -1.69053125 -0.1495605 ]
[ 1.33334005  2.69447398 -0.94667882 -2.16904092 -0.91095442]
[-0.7656495  -0.89314246 -1.19064009  3.97876692 -1.12923431]
[ 1.99120212 -0.65726042 -1.18727946  1.04929185 -1.19538605]
[-0.88740933 -0.72120619 -0.93141776 -1.70257545  4.24428749]
[-0.88481843 -0.72207236 -0.93056536 -1.68369794  4.22282648]
[-0.88526416 -0.73433006 -0.8385641  -1.3992064   3.8589325 ]
[ 4.06782913 -0.70944369 -1.01030231 -1.34860468 -0.99898624]
[-0.87824571 -0.72294831 -0.93252128 -1.66395235  4.19933367]
[-0.07124801  4.02670956 -0.97927433 -2.00332403 -0.9715153 ]
[-0.88701165 -0.72130573 -0.93167889 -1.70032215  4.24199677]
[-0.88121212 -0.72150409 -0.93209457 -1.69524741  4.23173332]
[-0.9735074  -0.81643879  3.09650302 -1.39881182  0.09176253]
[-1.00529981 -0.85686028  4.23913956 -1.38891482 -0.98885894]
[ 1.24896884 -0.6145165  -0.987665    1.3552084  -1.00157511]
[-0.92097378 -0.80187452  2.89023042 -1.37745428  0.20961891]
[-0.84848714 -0.84397352  4.35430479 -1.72399759 -0.93856299]
[ 1.7482878  -0.6221981  -0.87783217  0.64899749 -0.89689207]
[ 1.39405525 -0.69597876 -1.1550777   1.65718079 -1.19969189]
[-1.00816453 -0.82107937  3.7704556  -0.94895196 -0.99305302]
[-0.68092149 -0.81818974 -1.24612248  3.99497128 -1.24950945]
[-1.01861787 -0.8617816   4.03388834 -1.16002536 -0.99426538]
[ 2.48910022 -0.65818346 -1.15359879  0.48213279 -1.15887773]
[-0.9186095  -0.73171413 -0.95128095 -1.19699192  3.800143  ]
[-1.03538573 -0.85324645  3.70683479 -0.81599063 -1.00302136]
[-0.93161821 -0.84595704  3.80968738 -1.03735065 -0.99555415]
[-0.88672006 -0.72112989 -0.9316445  -1.70382857  4.24500179]
[ 2.1444211  -0.66237783 -1.1742419   0.87299091 -1.18023062]
[-0.88699591 -0.72134554 -0.93155193 -1.69965482  4.24122572]
[-0.98521721 -0.85080385  4.55757332 -1.74233842 -0.97999603]
[-0.52865219 -0.3072283  -1.05708456  2.96522927 -1.07182229]
[-0.88416195 -0.72616851 -0.9350391  -1.59673786  4.14375639]
[-0.90921247 -0.73671436 -0.91975081 -1.32678485  3.89403558]
[-0.88611853 -0.72328591 -0.93336523 -1.653651    4.19808531]
[-0.96330249 -0.83467889 -1.25186479  4.30516529 -1.2551254 ]
[ 1.73991489 -0.78459609 -1.08694541  1.20864606 -1.07674539]
[-0.96148229  4.87801981 -0.95170337 -2.01287651 -0.95051533]
[ 0.84992278 -0.72503054 -1.20810616  2.30259109 -1.2189523 ]
[-0.88496792 -0.72952724 -0.92988449 -1.52493739  4.07094479]
[-0.73389614 -0.83287323 -1.18964732  3.9020195  -1.14548814]
[ 1.93634248  2.03137016 -0.94677287 -2.0840559  -0.93581814]
[ 1.0794971   2.724365   -0.96221268 -1.88468814 -0.95572877]
[ 1.30020547  2.79006052 -0.96886313 -2.20125937 -0.91902089]
[-0.88709688 -0.75438476 -0.89814609 -0.91522819  3.4563024 ]
[-0.4076522  -0.9782697  -1.10727489  3.54602766 -1.052894  ]
[ 0.19560283 -0.76822114 -1.22461641  3.02656341 -1.22899497]
[-0.79331148  4.70939064 -0.96519631 -1.98282981 -0.96660054]
[ 0.92875838  0.9768784  -1.05606031  0.31568912 -1.16431201]
[ 2.26786041 -0.6659677  -1.10917091  0.65136969 -1.14353085]
[-1.0008744  -0.85583925  4.30934238 -1.46651864 -0.98690188]
[-0.85133708 -0.72040558 -0.93590003 -1.53976226  4.04903221]
[-0.98440337 -0.85011077  4.5587821  -1.7456305  -0.97941941]
[-1.02102804 -0.85943472  3.94808364 -1.07235885 -0.99606526]
[-0.88693511 -0.72095346 -0.93167359 -1.70743966  4.24868202]
[-1.03011012 -0.86494768  3.80263996 -0.90749794 -1.00089419]
[-0.43314958 -0.33528286 -1.19767082  3.12921977 -1.16271138]
[-0.94665956 -0.76722383 -0.86064696 -0.80671543  3.38266206]
[-0.88711548 -0.72396779 -0.93346786 -1.64481401  4.19102764]
[ 0.65087271  1.48563683 -1.00959277 -0.23519826 -0.89089763]
[-1.04802549 -0.83616161  2.3782897  -0.2152323  -0.2794885 ]
[-0.21847391  4.15372753 -0.98022854 -1.97404265 -0.97960603]
[-0.89948225 -0.5760392  -0.94002843 -1.54070711  3.95789623]
[-0.61192256  4.55898142 -0.94679898 -2.08121586 -0.91763461]
[-0.88544548 -0.72120297 -0.93181276 -1.7020762   4.24221563]
[ 1.77009749 -0.19490364 -1.17610574  0.78671837 -1.18511975]
[-0.88867283 -0.72694051 -0.93621486 -1.58202147  4.13549566]
[-0.55495906 -0.78751683  1.83237255 -0.94254881  0.45229182]
[ 2.37825704 -0.54806507 -1.01620507  0.22386611 -1.03726518]
[-0.87998486 -0.72208631 -0.93241197 -1.68204141  4.21819639]
[ 3.28334713 -0.61492705 -1.13291752 -0.40477967 -1.13005435]
[ 1.78183317 -0.63860655  0.61193383 -0.60497975 -1.14958584]
[-0.88327098 -0.73345947 -0.93911421 -1.44502139  4.00247288]
[ 1.95297933  2.06330156 -0.9436568  -2.13700891 -0.93454844]
[-0.7508024   4.62179565 -0.971367   -1.93382454 -0.96435088]
[ 0.73111814 -0.7457819  -1.20599973  2.43122387 -1.21017647]
[-0.66173035  4.65286922 -0.94704187 -2.09795237 -0.94474298]
[ 2.23073626  0.90092552 -0.98600274 -1.52717161 -0.61760634]
[-0.88356864 -0.72127557 -0.93154597 -1.70059466  4.23866224]
[-0.87337625 -0.72664964 -0.93399507 -1.58617902  4.12184381]
[-0.88629091 -0.72147477 -0.93187159 -1.69673586  4.23804998]
[-0.98493731 -0.85069704  4.56155062 -1.74684954 -0.97984874]
[ 1.22375393  2.66048646 -0.92982948 -2.0318675  -0.92138994]
[ 1.52531588 -0.68488562 -1.18829417  1.55382466 -1.20544982]
[-0.37624311 -0.36693925 -1.1220746   3.08404064 -1.21839631]
[-0.67301524  2.03163552 -1.02790558  0.82307905 -1.15270305]
[-0.88546813 -0.722175   -0.93146771 -1.68291831  4.22370195]
[ 2.03739834 -0.67110944 -1.03158021  0.68010348 -1.0145663 ]
[-0.92430019 -0.75630009 -0.96360183 -0.87781262  3.52347469]
[-0.96594286 -0.84449434  3.81578922 -1.01985323 -0.98629194]
[ 3.01915669 -0.59513497 -1.15814722 -0.09018406 -1.17498982]
[-0.64388454 -0.8031522   0.95667297  0.40522879  0.0848956 ]
[-0.87123895 -0.72808933 -0.93387324 -1.54743457  4.08226824]
[ 2.54613876  1.10359514 -1.01767504 -1.71209621 -0.91886914]
[-0.88573015 -0.7215997  -0.9322353  -1.6940403   4.23528147]
[-0.88488948 -0.7215178  -0.93173355 -1.69476914  4.23458576]
[ 0.84660238 -0.78213596 -1.16645288  2.27108073 -1.1687808 ]
[ 0.16028894 -0.91787887 -1.11478019  2.96491671 -1.0924983 ]
[ 3.95383811 -0.74429131 -0.99103582 -1.24134922 -0.97673815]
[-0.07200876  0.03881441 -1.05634236  2.16994691 -1.0802474 ]
[-0.46269709  3.19619656 -1.00372505 -0.72215706 -1.00653744]
[-0.83845276 -0.79878557 -1.24479795  4.10912466 -1.22686517]
[-0.86898738 -0.73447776 -0.94812739 -1.26205921  3.81520677]
[ 1.24420166 -0.72932088 -0.7416566   1.39137387 -1.16417718]
[ 1.38705921 -0.43707654 -0.87517768  0.91636688 -0.99068493]
[ 2.59877849 -0.61202514 -1.08423936  0.27420676 -1.17606807]
[ 0.74516582 -0.73435104 -1.21147954  2.4139607  -1.21289217]
[-0.88717568 -0.72105885 -0.93140638 -1.70566821  4.24698877]
[ 1.97345269  2.05513048 -0.935655   -2.16584063 -0.92603248]
[ 1.0407598   2.83145952 -0.93131262 -2.02606487 -0.91365999]
[-0.887357   -0.72096658 -0.931642   -1.70738292  4.24902868]
[-0.88815629 -0.8404671  -1.23859012  4.1956296  -1.22823727]
[ 2.32908177  1.3600955  -1.10540009 -1.46853423 -1.11406529]
[ 1.61210084 -0.57377028 -1.10979855  1.204772   -1.13273656]
[ 3.30795717 -0.77471542 -1.01192224 -0.5242669  -0.99669451]
[-0.91718554 -0.74646318 -0.94229889 -1.17004251  3.77752614]
[ 2.96947908 -0.62126291 -1.14811587 -0.05121791 -1.14823318]
[-0.87878513 -0.72326076 -0.92338675 -1.66456676  4.19166374]
[-0.88207781 -0.72475171 -0.9346627  -1.62663221  4.16978168]
[ 0.18906397 -0.54972589 -1.03487623  2.46298051 -1.06704867]
[-0.99162209 -0.85208559  4.42654848 -1.60116863 -0.98245883]
[-0.5109086  -0.35324365 -1.22795546  3.32559609 -1.2330991 ]
[ 0.87445801 -0.69317091 -1.20300722  2.23266435 -1.21050692]
[-0.65682185 -0.88125205 -1.18725634  3.7857976  -1.06032801]
[-0.89813471 -0.70603859 -0.94406539 -1.40866017  3.95849967]
[ 1.6918751  -0.40086836 -1.04930019  0.7947858  -1.03616059]
[-0.00911136 -0.77676737 -1.21330035  3.23176169 -1.23227382]
[-0.99123037 -0.8460722   3.31490684 -0.46962139 -1.00879347]
[-0.89313948  4.82323837 -0.95180112 -2.02887797 -0.94796461]
[ 0.08006755  3.77615309 -0.92098606 -2.02517271 -0.90871578]
[ 1.8157481  -0.69065559 -1.17513418  1.23020339 -1.17965841]
[ 1.54586518 -0.62973881 -0.64815933  0.76997733 -1.03751636]
[-0.88780475 -0.73586977  3.91997194 -1.40165329 -0.89536941]
[-0.88137245 -0.72203898 -0.93231952 -1.67883635  4.2162385 ]
[-0.65855587 -0.81625664 -1.20229018  3.87413549 -1.19684255]
[ 2.22098517 -0.66815364 -1.15954912  0.76402795 -1.15676427]
[-0.92600894 -0.8329196  -1.25188351  4.26595116 -1.25494111]
[ 1.32056701  2.64602828 -0.94661915 -2.11395311 -0.9048807 ]
[ 2.59120536 -0.77643538 -1.05877495  0.29064903 -1.0462966 ]
[-1.04215527 -0.86950028  3.66468835 -0.74898845 -1.00486028]
[ 2.49102139 -0.73297083 -0.8166188   0.09980604 -1.0409919 ]
[-0.0974997  -0.63579559 -0.96930701  2.73413634 -1.03124356]
[-0.97703719 -0.85370231 -1.22900879  4.07710743 -1.01712966]
[-0.98462009 -0.85061145  4.56704044 -1.75283718 -0.9797532 ]
[ 1.84231281 -0.71591783 -1.15385675  1.18292737 -1.15501142]
[ 0.21570259 -0.77188981 -1.22110021  2.99643111 -1.21881282]
[-0.97088146 -0.83560383 -1.25293398  4.31557417 -1.25596225]
[-0.8873378  -0.72101915 -0.93161327 -1.70637178  4.2480216 ]
[ 0.07379623  3.95935225 -0.96856493 -2.10251427 -0.96077114]
[ 2.85761142 -0.71913159 -1.08348072  0.01679474 -1.07133222]
[-0.13715214 -0.76169527  1.95086646 -1.23205686  0.17965323]
[ 1.11053514 -0.79429579 -1.14382601  1.96387887 -1.13599706]
[ 1.25483596 -0.88263106 -1.0641396   1.73968291 -1.04762626]
[ 1.25110984 -0.65610456 -0.26522264  0.85235852 -1.18164289]
[-1.02767181 -0.74881554  0.89857721  0.93953353 -0.06215449]
[ 0.56744623  3.35785723 -0.98683667 -1.97999167 -0.95722419]
[-0.87308443 -0.7236675  -0.93402505 -1.64882922  4.18126774]
[-0.28912708 -0.78797519 -1.23730958  3.55607653 -1.24138391]
[ 1.70872235 -0.6966064  -1.17209136  1.33464026 -1.17417216]
[-0.99916613 -0.85590804  3.65025449 -0.79741013 -0.99857599]
[-0.96543062  4.9469862  -0.94916093 -2.08076072 -0.95019138]
[ 1.66445839  2.42175722 -0.94877517 -2.19752073 -0.93886113]
[-0.87898266 -0.72196853 -0.9323529  -1.68384027  4.21881628]
[-0.06990285 -0.95010972 -1.09441066  3.19040155 -1.07602417]
[ 0.51098418 -0.80084622 -1.1779294   2.61294055 -1.14486325]
[-1.00263166 -0.8386848   3.75880575 -0.91755939 -1.0007298 ]
[-0.88019001 -0.72769225 -0.9360581  -1.56292653  4.10850573]
[-1.04047644 -0.86938834  3.6607182  -0.74673647 -1.004933  ]
[-0.39740849 -0.80676544 -1.23606133  3.67971301 -1.2392236 ]
[ 1.25541234 -0.80333209 -1.10296726  1.74522161 -1.09410775]
[-0.88531232 -0.7226212  -0.93169743 -1.65520573  4.19650173]
[-0.83576107 -0.84534359 -1.23565269  4.14557409 -1.22863972]
[-0.88078511 -0.72139692 -0.93138486 -1.69538522  4.23062754]
[-0.88564694 -0.72108698 -0.93179536 -1.7045753   4.24478388]
[-0.87558484 -0.70075905 -1.21627152  3.96934938 -1.17647338]
[-0.88724887 -0.72094834 -0.93168139 -1.70725465  4.24881315]
[-0.90548193  0.30260402 -0.9249934  -1.70857692  3.23813772]
[-0.90236318 -0.74314737 -0.94791454 -1.0826081   3.67754316]
[ 3.0514915  -0.5820539  -0.60411006 -0.7056843  -1.15892148]
[-0.27773735 -0.79400671  2.17141914 -0.9043231  -0.19586261]
[ 2.59135509  1.58695352 -0.98921078 -2.35674858 -0.83142191]
[-0.88679934 -0.72097254 -0.93168432 -1.70715642  4.24829245]
[-0.69193679  4.62787294 -0.96340531 -2.00761342 -0.96348578]
[-0.88530695 -0.72116911 -0.93152344 -1.7030437   4.24272203]
[-0.8862803  -0.72149241 -0.93153071 -1.69612956  4.23710918]
[-0.94371033 -0.76792431 -0.95574588 -0.74216509  3.4109683 ]
[ 4.32035255 -0.53204751 -1.12519217 -1.52770829 -1.13456929]
[ 0.58969223  3.0912466  -0.9614293  -1.76702785 -0.95138919]
[-1.00342429 -0.81819797  2.28944254 -0.18925221 -0.27910095]
[ 1.01628339 -0.68975115  0.12843427  0.72533566 -1.17981696]
[-0.89686632 -0.75119412 -0.92551893 -1.0888344   3.66391873]
[ 2.33835101 -0.62138546 -1.15179038  0.62036979 -1.18493199]
[-0.88891256 -0.72981429 -0.93681103 -1.52087736  4.07804394]
[-0.93937767 -0.51031518 -1.24156296  3.93710327 -1.24555278]
[-0.8426255  -0.73478293 -0.93627685 -1.35958314  3.87484336]
[-0.93919933 -0.83044004 -1.23097372  4.24577665 -1.24497652]
[-1.0266149  -0.86226392  3.90503645 -1.02165759 -0.99530137]
[-0.96981061  4.8588686  -0.96607274 -1.95964766 -0.96185386]
[-0.87940216 -0.7222538  -0.92965889 -1.67538428  4.2083683 ]
[-0.88653612 -0.72146213 -0.93198705 -1.69648957  4.23815203]
[-0.26958695  0.07970306 -1.17341208  2.44684029 -1.08302844]
[-0.85516572  4.61234236 -0.98701715 -1.78254247 -0.98609924]
[-0.88714647 -0.72129488 -0.93186665 -1.70001078  4.24199677]
[ 0.53620058  3.44477439 -0.99435037 -1.99105191 -0.99430412]
[-0.74149346 -0.71878695 -0.93447268 -1.73187494  4.1282897 ]
[ 2.23656464 -0.67869449 -1.15365481  0.75142461 -1.15511179]
[-0.46687716 -0.80965066 -1.22512567  3.6391933  -1.13726413]
[-0.8221162  -0.35241392 -1.23228252  3.64366198 -1.23649752]
[ 0.58662558 -0.93682671 -1.06556761  2.45005155 -1.03427184]
[ 0.97698718 -0.72833622 -1.19836593  2.15626097 -1.20612776]
[ 0.51516438  3.36497736 -0.92136836 -2.04362869 -0.91385436]
[ 0.44149616  3.68343592 -0.96360642 -2.20009995 -0.96000654]
[-0.94642186 -0.76751375 -0.89873439 -0.7318728   3.34594822]
[-0.87224829 -0.72047353 -0.93237406 -1.68394136  4.21070814]
[-0.4873783   4.40579271 -0.97321624 -1.97797346 -0.96581417]
[-0.88428009 -0.73230469 -0.93153393 -1.3874445   3.93715215]
[ 0.77835059  1.68053031 -0.72535175 -0.74206501 -0.99076259]
[ 0.9585765   2.62455821 -1.07986152 -1.41630316 -1.08560109]
[-0.92330766 -0.75330245 -0.94800997 -0.98178262  3.60788798]
[ 1.52149928  2.44130063 -0.96836364 -2.08465433 -0.90866423]
[-0.88674355 -0.72101438 -0.93148476 -1.70624709  4.24716949]
[-0.92501187 -0.83315146 -1.24717247  4.25492716 -1.24940312]
[-0.87727213 -0.72230387 -0.93101287 -1.67807269  4.21033144]
[-0.91624856 -0.75276148 -0.95508093 -1.05478799  3.68038511]
[ 0.42686614 -0.74933755 -1.22188663  2.77179003 -1.22706175]
[ 1.00536323 -0.92471075 -1.05403578  2.00748301 -1.03405643]
[-0.47626889  4.38132858 -0.96590859 -1.97284269 -0.96494067]
[-0.53192067 -0.93666196 -1.14683032  3.74791169 -1.13249612]
[ 2.2805922  -0.74193263 -1.09955585  0.64759952 -1.0862937 ]
[-0.76678312 -0.73982346  0.52387714  0.83742875  0.145622  ]
[-0.88057721 -0.72268951 -0.93162036 -1.67008948  4.20664501]
[ 0.23796901  3.56490421 -1.00835419 -1.78726912 -1.00588191]
[-0.49218291  3.58039188 -1.03647637 -1.03065419 -1.01975226]
[-0.12542823  4.14676666 -0.96572787 -2.09291697 -0.96136528]
[-0.88520586 -0.72147691 -0.93114799 -1.69683266  4.23634005]
[-0.88683999 -0.72103739 -0.93164456 -1.70577383  4.24697542]
[-1.05728698 -0.86324203  2.48408484  0.01054919 -0.57480633]
[-0.9977262  -0.85489261  4.36092854 -1.52363801 -0.9854607 ]
[-0.90798986 -0.73437011 -0.90224528 -1.24937296  3.7955246 ]
[ 3.04940677 -0.55224454 -1.16131723 -0.16438901 -1.17074311]
[ 0.58629644 -0.69963753  0.60769928  0.6781739  -1.17208898]
[ 0.75682145 -0.65983486 -1.18409133  2.26868463 -1.18120384]
[ 0.17117427 -0.87512624 -1.14440417  2.98214436 -1.13366342]
[-0.73203707 -0.88979518 -1.19134891  3.99975872 -1.18649721]
[ 2.07073641 -0.65389478 -1.16400576  0.86429554 -1.11657703]
[-0.88424551 -0.73448956 -0.94229656 -1.34153891  3.90414929]
[-0.88575029 -0.72197163 -0.92958581 -1.68748951  4.22647047]
[ 1.57781756 -0.73958087 -1.09134102  1.33470416 -1.08134198]
[-0.88067985 -0.7258445  -0.92844522 -1.60417342  4.14079189]
[ 1.64664555  2.34456825 -0.93324214 -2.13264918 -0.92421609]
[ 2.9600234  -0.71150494 -1.08264601 -0.08793461 -1.0774616 ]
[-0.91433179 -0.62442517 -0.95977867 -1.07889676  3.57894826]
[-0.88692486 -0.72286177 -0.93328047 -1.65573978  4.20047235]
[ 1.66821623 -0.68000078 -1.19219804  1.39751387 -1.19300842]
[ 1.72994125 -0.6249131  -0.03937705  0.10219184 -1.16727352]
[-0.90523052 -0.66006494 -0.94699204 -1.34121776  3.85508966]
[-0.98224068 -0.84413505  4.35812283 -1.55704951 -0.97547996]
[-0.89253235 -0.83682215 -1.2365247   4.20426607 -1.23821831]
[-0.89780235 -0.73005545 -0.93472046 -1.52110648  4.08531475]
[-0.88102031 -0.72302365 -0.93344706 -1.66240644  4.20156431]
[ 2.15632415 -0.2623257  -1.04714537  0.21572921 -1.06204188]
[-0.15992555 -0.79752147 -1.215505    3.38181162 -1.20860493]
[ 0.01001102 -0.78305936 -1.2263422   3.22273684 -1.22303891]
[ 0.20132679  3.8762536  -0.96588588 -2.14817023 -0.96225536]
[-0.33883369 -0.98179388 -1.10054576  3.49769568 -1.07660329]
[-0.88755882 -0.72141492 -0.93026596 -1.69916511  4.24008226]
[-0.8100878  -0.8706522  -1.21211588  4.09299231 -1.2000109 ]
[-0.70897162  4.19055843 -1.05381894 -1.35989094 -1.06625426]
[ 1.79058015 -0.63876116 -0.80591154  0.46528417 -0.81091297]
[-1.01541936 -0.85739863  4.08082008 -1.21563196 -0.99316949]
[ 0.42651823 -0.74925017 -0.22207968  1.72058129 -1.17540824]
[-1.02515423 -0.86393976  3.93221855 -1.04653299 -0.99739718]
[-0.95605111 -0.82933295 -1.2524035   4.29344606 -1.25546253]
[-0.8938303  -0.83686042 -1.24490905  4.1627636  -1.18695092]
[-0.88933516 -0.72102392 -0.9374252  -1.54663467  4.09605551]
[-0.72420084 -0.82220995 -1.23386788  4.01654196 -1.23607016]
[-0.883757   -0.72541249 -0.93440264 -1.61323571  4.15846109]
[-1.00097167 -0.81457806  3.32568502 -0.53848588 -0.9724412 ]
[-0.88730729 -0.72166359 -0.93154812 -1.69301748  4.2352128 ]
[ 1.20269871 -0.70122337 -1.1997025   1.90139723 -1.20271051]
[-0.88083506 -0.72459149 -0.93152779 -1.60731959  4.14592457]
[-0.44947374 -0.93487775 -1.11727607  3.60250401 -1.10093081]
[-0.8624084  -0.82827437 -1.250561    4.19520473 -1.25375402]
[-0.87626171 -0.72564721 -0.93515533 -1.60802937  4.14674473]
[ 0.16290373  0.12482932 -1.1989435   2.11823487 -1.20641613]
[-1.02795959 -0.86492586  3.88839674 -0.99772942 -0.9985894 ]
[-0.88330042 -0.72416449 -0.9319979  -1.63759685  4.17871904]
[-1.03331971 -0.86803675  3.72438169 -0.82075471 -1.00308394]
[-0.76474416 -0.70628881 -0.59427971  3.19064736 -1.12570524]
[-0.86210686 -0.85697055 -1.2232089   4.14762783 -1.20519447]
[-0.28741035 -0.78653193 -1.23162973  3.5410471  -1.23520768]
[-0.8939544  -0.73786509 -0.93290704 -1.36497569  3.93128681]
[-0.88153279 -0.72100472 -0.9318915  -1.70567632  4.2417841 ]
[ 0.45726538 -0.75119352 -1.21767092  2.72316647 -1.21119666]
[-0.02615722  3.58683157 -1.0487082  -1.48676777 -1.02371049]
[-0.88714373 -0.72147501 -0.93139088 -1.69726014  4.23894691]
[ 1.41263843  2.16502166 -1.00085413 -2.01538944 -0.56015748]
[-0.94541276 -0.84470773  4.48435736 -1.73268008 -0.96232682]
[-0.91853678 -0.82702446 -1.24785936  4.20714712 -1.21351743]
[ 0.68753242 -0.91784096 -1.08016706  2.3721242  -1.0615958 ]
[ 1.62420595 -0.73825312 -1.13587368  1.38623834 -1.13593662]
[ 2.64864588 -0.61677814 -1.14518821  0.29631302 -1.18233776]
[-0.88439107 -0.72375667 -0.93405867 -1.64763284  4.19150257]
[-1.08988273 -0.87238979  2.13375068  0.57363808 -0.74585527]
[ 1.74652755  2.26474452 -0.93537188 -2.15749407 -0.91731751]
[ 3.59113359  0.79138947 -0.99404436 -2.43793631 -0.94981813]
[-0.76546049 -0.82354403 -1.24820518  4.08892965 -1.25150204]
[-0.88738167 -0.72097421 -0.93157643 -1.70725513  4.24886703]
[ 0.31244633 -0.55901563 -0.79643244  2.0166719  -0.97340286]
[ 2.79666471 -0.50973177 -1.16676784  0.05650823 -1.17597222]
[-0.80758697 -0.84025371 -1.23281693  4.03501225 -1.15414453]
[-0.87660348 -0.73177445 -0.94018155 -1.46767902  4.01785088]
[-0.88658357 -0.72282231 -0.93221754 -1.6682651   4.21155739]
[-0.88418055 -0.72132051 -0.93309683 -1.67325473  4.21352339]
[-0.8371464  -0.74149096 -0.90464324 -1.28102517  3.76584888]
[-0.70409262 -0.06064688 -1.21932769  3.19284606 -1.208318  ]
[-0.88708436 -0.72721076 -0.93628979 -1.57797694  4.13020611]
[ 1.60105777 -0.68275845 -1.19051814  1.46935534 -1.19663036]
[-0.88606    -0.72155428 -0.93221867 -1.69488955  4.23639917]
[ 1.85031962 -0.64880276 -0.19229279  0.15907529 -1.16772521]
[ 0.88731962  2.80028605 -0.91745287 -1.87106729 -0.89790469]
[-0.83526558 -0.70742416 -1.23583591  3.93983078 -1.16104376]
[ 1.65583396 -0.70236278 -1.17522514  1.40010977 -1.17788017]
[ 2.44711614 -0.76536775 -1.03463578  0.37265933 -1.01949239]
[-0.86472768 -0.84216285  4.42576933 -1.76322579 -0.95641154]
[ 1.03098094  2.41801143 -1.10573649 -1.22224736 -1.11960864]
[-0.88431478 -0.72099352 -0.93179435 -1.70615602  4.2449379 ]
[-0.88902056 -0.71727169 -0.94063634 -1.48722172  4.03577089]
[-0.88639832 -0.72191215 -0.93249339 -1.68731427  4.22979259]
[-0.89353061 -0.73333287 -0.93979937 -1.45418167  4.02245617]
[-0.88112032 -0.72493279 -0.93529034 -1.62229204  4.16529131]
[-0.89142323 -0.72834504 -0.92753983 -1.55076599  4.09970951]
[ 2.67866206  1.24809825 -0.92000675 -2.15257359 -0.85324466]
[-0.88604343 -0.72430813 -0.93486232 -1.59854174  4.14540529]
[ 1.32652855  2.50451112 -0.9377268  -1.93784404 -0.9542982 ]
[-0.91302752 -0.74857283 -0.95300895 -1.03186059  3.64796877]
[-0.88639736 -0.72123468 -0.93150163 -1.70168567  4.24249744]
[-0.43362659  4.43940067 -0.95954567 -2.0894084  -0.95544976]
[ 0.53388262 -0.54185331 -0.28709352  1.36745501 -1.07198954]
[-0.90927947 -0.75005877 -0.96158653 -0.94764924  3.57005072]
[-0.88726282 -0.72103453 -0.93173218 -1.7058208   4.24752998]
[-0.89714348 -0.7355721  -0.92736369 -1.41216516  3.97384119]
[-0.99931443 -0.85487497  4.33490419 -1.49536777 -0.98613739]
[ 1.4608109   2.13301063 -1.07866108 -1.42361283 -1.09024501]
[-0.88891077 -0.72277188 -0.92629486 -1.67469144  4.2143383 ]
[-1.01852036 -0.8618077   4.01834917 -1.14386296 -0.99496078]
[ 0.63652247 -0.68788886 -1.116202    2.34948587 -1.18157208]
[-0.88599145 -0.72682226 -0.9376092  -1.55917096  4.11123323]
[-0.91793799 -0.72324729 -0.95356256 -1.15464926  3.75093222]
[-0.73922575 -0.55124211 -1.19512057  3.59138775 -1.10547066]
[ 0.10911222 -0.89171302 -1.08902597  2.91971207 -1.04797363]
[-1.04464602 -0.8704201   3.62581682 -0.70563293 -1.00593507]
[ 1.00246525 -0.67991412 -1.16080248  2.03507948 -1.19642603]
[-0.98382819 -0.83066857  4.02062225 -1.23769403 -0.9692139 ]
[-1.04138875 -0.86971784  3.65741348 -0.74207205 -1.0050509 ]
[-0.94213164 -0.847368    4.34694242 -1.64024353 -0.91795409]
[-0.75979972 -0.87210655 -1.21007764  4.04671097 -1.20460379]
[-0.13843194 -0.77772677 -1.22888362  3.35511732 -1.20977473]
[ 0.31542796  3.69924378 -0.95240575 -2.15191531 -0.90910369]
[ 0.30153334 -0.94417036 -1.0864898   2.79704738 -1.06792295]
[-1.06421351 -0.8580395   2.25580049  0.05421309 -0.38840252]
[-0.89905632 -0.73479211 -0.87478626 -1.45686579  3.96709633]
[-0.99602556 -0.84565473 -1.22997642  4.13012838 -1.05824924]
[-0.85927361 -0.83035672 -1.24941003  4.19165659 -1.25241232]
[-0.88514006 -0.72346449 -0.93237197 -1.64874673  4.1913867 ]
[-1.04305875 -0.86979413  3.64456844 -0.72713828 -1.0053941 ]
[-1.01399708 -0.77314496  2.19400668 -0.25093091 -0.15649997]
[-0.88372958 -0.72474134 -0.93551242 -1.59851551  4.14414835]
[-1.04283619 -0.86983919  3.65459132 -0.73758453 -1.00514805]
[ 0.13537301 -0.95800817 -1.08517134  2.97119594 -1.0634234 ]
[ 0.56293321  2.41561866 -0.95296001 -1.11454296 -0.91003704]
[-0.88616431 -0.72109795 -0.93183035 -1.70433378  4.24510574]
[-1.04325521  4.38363886 -0.82918823 -1.55129576 -0.9586249 ]
[ 1.37816584  2.62354064 -0.94255072 -2.13624835 -0.92177284]
[-1.03424656 -0.83369052  1.99763441 -0.07161768 -0.05862283]
[-0.88649869 -0.72260284 -0.93069428 -1.67355442  4.21502018]
[-0.84513718 -0.73127794 -0.93505001 -1.460114    3.9731822 ]
[ 1.03164506 -0.71467316 -1.20250964  2.10116625 -1.21518099]
[-1.0192939  -0.85324836  2.16501379  0.06941813 -0.36252564]
[-0.59247637 -0.82323194  1.48606896 -0.04456891 -0.02630772]
[ 1.3962611   2.16489172 -0.97982109 -1.60746932 -0.97295147]
[-0.88716614 -0.72095406 -0.93166703 -1.70744348  4.2489109 ]
[-0.85148793 -0.723768   -0.93276417 -1.64178848  4.15146399]
[-0.97560251 -0.79024386 -1.23237622  4.08849907 -1.0900389 ]
[-0.88514662 -0.72247994 -0.93611455 -1.49416447  4.03952646]
[-0.881742   -0.72250056 -0.93148792 -1.67469883  4.21209908]
[-1.08890736 -0.86278188  1.73004699  0.49960381 -0.27859226]
[ 2.75037694 -0.59908688 -1.16996419  0.19804391 -1.17870307]
[ 0.04782084  3.80860901 -0.92609072 -2.0164566  -0.91252464]
[ 0.45149249 -0.73158228 -1.19847274  2.68707776 -1.20816123]
[-0.99019253 -0.85188651  4.46170044 -1.63844919 -0.9819572 ]
[ 1.88047504 -0.74270129 -1.12178695  1.100425   -1.11602783]
[-1.09965694 -0.88900328  2.51530695  0.50628483 -1.03378713]
[-0.84215701 -0.84971285 -1.20583272  3.85087681 -0.95291394]
[ 1.31048608 -0.59631217 -1.06043065  1.50840664 -1.16165495]
[-1.02914834 -0.86908817  3.64969778 -0.74749005 -1.00478613]
[-0.90801108 -0.74794257 -0.85348839 -1.18989348  3.70085192]
[-0.58552307 -0.88209784 -1.19210482  3.83954716 -1.17971146]
[ 1.69831276 -0.67711461 -1.19304001  1.37231421 -1.1999445 ]
[-0.88319457 -0.72085762 -0.93316704 -1.66339922  4.20228577]
[-0.96684706 -0.82822597  3.78796625 -0.99474019 -0.9989453 ]
[-0.8868947  -0.72086167 -0.93175131 -1.70671082  4.24789858]
[-0.88582981 -0.72129345 -0.93113089 -1.700665    4.24059677]
[-0.88626254 -0.72643948 -0.9375301  -1.53339028  4.08525419]
[-0.88545108 -0.73916554 -0.94527394 -1.29329967  3.86475611]
[ 1.49460244 -0.47082344 -0.75558543  0.70567638 -0.97337478]
[-0.94731021 -0.87410724  3.04268742 -0.2027701  -1.01932228]
[-0.92294443 -0.75495315 -0.95084643 -0.92720711  3.55742145]
[-0.90221202 -0.73622322 -0.91521209 -1.4036932   3.95893288]
[ 1.12809777 -0.71160054 -1.20185232  1.99658895 -1.21077931]
[ 0.91340268 -0.74576163 -1.19122887  2.21805382 -1.19408572]
[ 1.34276795 -0.84540498 -1.08958542  1.67020893 -1.07778871]
[ 0.87674999  3.15546227 -0.95747519 -2.16129494 -0.91225445]
[ 1.81467366 -0.66759932 -1.19247234  1.24583268 -1.19988704]
[-1.05416918 -0.87390971  3.45667124 -0.51895332 -1.01046276]
[ 1.37663627 -0.78152859 -1.13525581  1.67242742 -1.13195634]
[ 1.01887226  1.77144504 -1.02786613 -0.76481086 -0.99669415]
[-0.96647751 -0.83518541 -1.25249338  4.30778217 -1.25343227]
[-0.88446069 -0.72678697 -0.93078965 -1.58628774  4.12997007]
[-0.984869   -0.85058737  4.56051779 -1.74755192 -0.97829127]
[-0.94164538 -0.676126    3.43842483 -0.87846005 -0.94292814]
[-1.07193577 -0.8683939   2.36966252  0.17656618 -0.60662001]
[ 2.19587684  1.8140626  -0.97509891 -2.20492697 -0.82889205]
[-0.89942122 -0.83136332 -1.2512244   4.23656082 -1.2543503 ]
[-0.43759173  4.26909351 -0.97659057 -1.93729591 -0.91621387]
[ 1.51524246  2.49285507 -0.94271505 -2.14682841 -0.91744453]
[-0.79232526 -0.82311034 -1.2374146   4.05327272 -1.20019627]
[ 0.44984421  3.14208412 -0.97003704 -1.67051363 -0.95027053]
[ 1.45942855 -0.89011979 -1.04969943  1.51193762 -1.03143191]
[-1.01413715 -0.86048269  4.09216785 -1.22544217 -0.99290556]
[-0.12390411 -0.79399002 -1.22636271  3.3654108  -1.22087026]
[-0.96428967 -0.83486581 -1.25270379  4.30780649 -1.25575399]
[-1.02146339 -0.86074626  3.9796114  -1.10223377 -0.9959712 ]
[ 1.3161943  -0.69274056 -1.19920242  1.78124309 -1.20501697]
[-0.69553351  4.64760303 -0.94968873 -2.06579757 -0.93516862]
[-0.55744177  4.50914669 -0.96468586 -2.01942563 -0.9661836 ]
[ 1.32547557 -0.70945978 -1.19299912  1.77521992 -1.19777596]
[ 0.73512459  3.351928   -0.96493059 -2.19998217 -0.92094409]
[ 0.9599691  -0.7009207  -1.19028091  2.14364552 -1.21198368]
[-1.01244104 -0.85977268  4.13070822 -1.26745415 -0.99183887]
[-0.98856878 -0.85164762  4.49968195 -1.6809423  -0.97930664]
[-0.88050175 -0.72675574 -0.92598879 -1.58147216  4.11636019]
[-0.93566632 -0.82371843 -1.23766685  4.11776924 -1.12049377]
[-0.60944939  4.46125078 -0.97748643 -1.89766932 -0.97521895]
[ 0.20369473 -0.28501233 -1.17937553  2.44215965 -1.1810447 ]
[ 1.25409317 -0.59512186 -1.04416752  1.5006218  -1.11489928]
[ 1.88788116  1.94954169 -0.92996681 -1.98541641 -0.92100638]
[-0.26368356  4.2366066  -0.95346254 -2.08404613 -0.93405432]
[-0.8833828  -0.72101212 -0.93164432 -1.7057786   4.24349642]
[-0.92315602 -0.83141899 -1.24285126  4.19670916 -1.19907379]
[-0.88712573 -0.73157704  3.51275253 -1.00598407 -0.88879484]
[ 0.81401187 -0.72284698 -1.21008575  2.33765483 -1.21831453]
[ 2.35555124 -0.65140808 -1.16749811  0.63835311 -1.17441356]
[ 0.04059988 -0.76721597 -1.20592165  3.15609384 -1.22323799]
[-0.94666016 -0.64257252  0.67293483  0.84451443  0.07131749]
[ 2.01521254 -0.62902236 -1.12636316  0.87782627 -1.13718343]
[ 1.56020117 -0.69280756 -1.18879628  1.51100159 -1.18910182]
[-0.92295647  0.32410306 -0.68138325 -1.47327709  2.75507689]
[ 1.55225205  1.98652589 -0.88863289 -1.74222159 -0.90698791]
[ 1.70006764 -0.66322482 -0.54160035  0.69006342 -1.18475342]
[ 1.96220601 -0.64786887 -0.52116853  0.38553298 -1.17811775]
[-0.99297631 -0.85396755  4.19574976 -1.38250327 -0.96706152]
[-0.3414107  -0.74977422  2.81591916 -1.52754164 -0.19754894]
[-0.88683176 -0.72115421 -0.93093216 -1.70390368  4.24450064]
[ 2.27424073 -0.64690125 -1.08267033  0.53108478 -1.07535732]
[-0.8388288  -0.73484385 -0.93586099 -1.3337965   3.84489655]
[ 2.58535361 -0.6211406  -1.17561507  0.39642292 -1.18437517]
[-1.03123116 -0.86887836  3.66715193 -0.7632733  -1.00458348]
[-1.03226888 -0.86690474  3.78784704 -0.88813728 -1.0013473 ]
[ 0.58021295  3.31922626 -1.00745499 -1.90552855 -0.98516089]
[ 2.38579202 -0.75559866 -1.08668697  0.5321117  -1.07523441]
[-0.36114678 -0.79892111 -1.23960316  3.64350724 -1.24356616]
[-0.88049865 -0.72534728 -0.93553716 -1.61242247  4.15545845]
[-0.90155709 -0.7445153  -0.90677357 -1.15528667  3.70965219]
[-0.05128732  3.83427405 -0.97652125 -1.83662295 -0.96859252]
[-0.88547277 -0.72165203 -0.93181694 -1.6927526   4.23336983]
[ 4.05842352 -0.73841119 -0.98302317 -1.3680799  -0.96847701]
[-0.89351416 -0.72298968 -0.93918097 -1.51313543  4.0704484 ]
[-0.88526058 -0.72121501 -0.93188947 -1.70167542  4.24171877]
    Test net output #0: accuracy_action = 0.0534727

    Test net output #1: accuracy_scene = 0.749609

    Test net output #2: loss_action = 10.4234

    Test net output #3: loss_scene = 2.08493

[-1.03096795  5.0127039  -0.94815695 -2.08213806 -0.94998646]
[-1.0567112  -0.87441736  3.43281126 -0.49106538 -1.0114435 ]
[-0.97106022 -0.83561838 -1.25296748  4.31582165 -1.25599003]
[-0.88743848 -0.72096694 -0.93166018 -1.70750737  4.24923944]
[-0.88743979 -0.7209518  -0.93166143 -1.70750272  4.24921322]
[ 3.27895975 -0.7894972  -1.00342333 -0.49865675 -0.98708564]
[ 5.04976702 -0.68184221 -0.96501476 -2.45107579 -0.95132285]
[-0.97054642 -0.83560371 -1.25296104  4.31520367 -1.2559582 ]
[ 1.69682133 -0.67470902 -1.19482386  1.37545955 -1.20228779]
[-0.96693909 -0.77018905 -0.97337568 -0.70727068  3.41910839]
[-0.97105014 -0.83562618 -1.25296545  4.31572151 -1.25599134]
[-1.03111327  5.01299191 -0.94814265 -2.08243465 -0.94996846]
