[ 1.  1.  1.  0.  0.  0.  0.  0.  0.  0.  0.  0.  0.  0.]
[ 5.  5.  5.  5.  0.  0.  0.  0.  0.  0.  0.  0.  0.  0.]
[ 5.  5.  5.  5.  5.  5.  5.  0.  0.  0.  0.  0.  0.  0.]
[ 5.  5.  5.  5.  5.  5.  5.  5.  0.  0.  0.  0.  0.  0.]
[ 3.  3.  3.  3.  3.  0.  0.  0.  0.  0.  0.  0.  0.  0.]
[ 2.  2.  0.  0.  0.  0.  0.  0.  0.  0.  0.  0.  0.  0.]
[ 2.  2.  2.  0.  0.  0.  0.  0.  0.  0.  0.  0.  0.  0.]
[ 2.  2.  2.  2.  0.  0.  0.  0.  0.  0.  0.  0.  0.  0.]
[ 5.  5.  5.  5.  5.  5.  0.  0.  0.  0.  0.  0.  0.  0.]
[ 2.  2.  2.  0.  0.  0.  0.  0.  0.  0.  0.  0.  0.  0.]
[ 4.  4.  4.  4.  0.  0.  0.  0.  0.  0.  0.  0.  0.  0.]
[ 5.  5.  5.  5.  5.  0.  0.  0.  0.  0.  0.  0.  0.  0.]
[ 2.  2.  2.  0.  0.  0.  0.  0.  0.  0.  0.  0.  0.  0.]
[ 4.  4.  4.  4.  0.  0.  0.  0.  0.  0.  0.  0.  0.  0.]
[ 1.  1.  1.  1.  0.  0.  0.  0.  0.  0.  0.  0.  0.  0.]
[ 5.  5.  5.  5.  5.  0.  0.  0.  0.  0.  0.  0.  0.  0.]
[ 2.  2.  2.  0.  0.  0.  0.  0.  0.  0.  0.  0.  0.  0.]
[ 6.  6.  6.  6.  6.  6.  0.  0.  0.  0.  0.  0.  0.  0.]
[ 4.  4.  4.  4.  4.  4.  0.  0.  0.  0.  0.  0.  0.  0.]
[ 6.  6.  6.  6.  0.  0.  0.  0.  0.  0.  0.  0.  0.  0.]
[ 5.  5.  5.  5.  5.  0.  0.  0.  0.  0.  0.  0.  0.  0.]
[ 5.  5.  5.  5.  5.  0.  0.  0.  0.  0.  0.  0.  0.  0.]
[ 3.  3.  3.  3.  3.  3.  0.  0.  0.  0.  0.  0.  0.  0.]
[ 5.  5.  5.  5.  5.  0.  0.  0.  0.  0.  0.  0.  0.  0.]
[ 4.  4.  4.  4.  0.  0.  0.  0.  0.  0.  0.  0.  0.  0.]
[ 2.  2.  1.  1.  1.  0.  0.  0.  0.  0.  0.  0.  0.  0.]
[ 1.  1.  1.  1.  0.  0.  0.  0.  0.  0.  0.  0.  0.  0.]
[ 1.  1.  1.  0.  0.  0.  0.  0.  0.  0.  0.  0.  0.  0.]
[ 2.  2.  2.  1.  1.  1.  0.  0.  0.  0.  0.  0.  0.  0.]
[ 6.  6.  6.  6.  6.  6.  0.  0.  0.  0.  0.  0.  0.  0.]
[ 5.  5.  5.  5.  5.  5.  5.  0.  0.  0.  0.  0.  0.  0.]
[ 6.  6.  6.  6.  6.  0.  0.  0.  0.  0.  0.  0.  0.  0.]
[ 2.  2.  2.  0.  0.  0.  0.  0.  0.  0.  0.  0.  0.  0.]
[ 6.  6.  6.  6.  6.  0.  0.  0.  0.  0.  0.  0.  0.  0.]
[ 1.  1.  1.  1.  0.  0.  0.  0.  0.  0.  0.  0.  0.  0.]
[ 1.  1.  1.  1.  1.  1.  1.  0.  0.  0.  0.  0.  0.  0.]
[ 2.  2.  2.  2.  2.  0.  0.  0.  0.  0.  0.  0.  0.  0.]
[ 6.  6.  6.  6.  6.  0.  0.  0.  0.  0.  0.  0.  0.  0.]
[ 2.  2.  2.  1.  1.  1.  1.  0.  0.  0.  0.  0.  0.  0.]
[ 4.  4.  4.  4.  0.  0.  0.  0.  0.  0.  0.  0.  0.  0.]
[ 2.  2.  2.  0.  0.  0.  0.  0.  0.  0.  0.  0.  0.  0.]
[ 2.  2.  2.  1.  1.  0.  0.  0.  0.  0.  0.  0.  0.  0.]
[ 2.  2.  0.  0.  0.  0.  0.  0.  0.  0.  0.  0.  0.  0.]
[ 5.  5.  5.  5.  5.  5.  0.  0.  0.  0.  0.  0.  0.  0.]
[ 1.  1.  0.  0.  0.  0.  0.  0.  0.  0.  0.  0.  0.  0.]
[ 3.  3.  3.  3.  3.  3.  0.  0.  0.  0.  0.  0.  0.  0.]
[ 4.  4.  4.  4.  0.  0.  0.  0.  0.  0.  0.  0.  0.  0.]
[ 1.  1.  1.  0.  0.  0.  0.  0.  0.  0.  0.  0.  0.  0.]
[ 2.  2.  2.  0.  0.  0.  0.  0.  0.  0.  0.  0.  0.  0.]
[ 2.  2.  2.  0.  0.  0.  0.  0.  0.  0.  0.  0.  0.  0.]
[ 1.  1.  1.  1.  1.  1.  0.  0.  0.  0.  0.  0.  0.  0.]
[ 5.  5.  5.  5.  5.  0.  0.  0.  0.  0.  0.  0.  0.  0.]
[ 4.  4.  4.  4.  0.  0.  0.  0.  0.  0.  0.  0.  0.  0.]
[ 3.  3.  3.  3.  3.  0.  0.  0.  0.  0.  0.  0.  0.  0.]
[ 4.  4.  4.  4.  0.  0.  0.  0.  0.  0.  0.  0.  0.  0.]
[ 6.  6.  6.  6.  6.  6.  0.  0.  0.  0.  0.  0.  0.  0.]
[ 5.  5.  5.  5.  5.  5.  5.  0.  0.  0.  0.  0.  0.  0.]
[ 4.  4.  4.  4.  0.  0.  0.  0.  0.  0.  0.  0.  0.  0.]
[ 1.  1.  1.  1.  0.  0.  0.  0.  0.  0.  0.  0.  0.  0.]
[ 6.  6.  6.  6.  6.  6.  0.  0.  0.  0.  0.  0.  0.  0.]
[ 5.  5.  5.  5.  5.  0.  0.  0.  0.  0.  0.  0.  0.  0.]
[ 6.  6.  6.  6.  0.  0.  0.  0.  0.  0.  0.  0.  0.  0.]
[ 5.  5.  5.  5.  5.  0.  0.  0.  0.  0.  0.  0.  0.  0.]
[ 5.  5.  5.  5.  5.  5.  0.  0.  0.  0.  0.  0.  0.  0.]
[ 3.  3.  3.  3.  3.  3.  0.  0.  0.  0.  0.  0.  0.  0.]
[ 5.  5.  5.  5.  5.  0.  0.  0.  0.  0.  0.  0.  0.  0.]
[ 6.  6.  6.  6.  0.  0.  0.  0.  0.  0.  0.  0.  0.  0.]
[ 6.  6.  6.  6.  6.  6.  0.  0.  0.  0.  0.  0.  0.  0.]
[ 3.  3.  3.  3.  3.  3.  0.  0.  0.  0.  0.  0.  0.  0.]
[ 5.  5.  5.  5.  5.  0.  0.  0.  0.  0.  0.  0.  0.  0.]
[ 4.  4.  4.  4.  4.  4.  0.  0.  0.  0.  0.  0.  0.  0.]
[ 1.  1.  1.  0.  0.  0.  0.  0.  0.  0.  0.  0.  0.  0.]
[ 1.  1.  1.  1.  0.  0.  0.  0.  0.  0.  0.  0.  0.  0.]
[ 3.  3.  0.  0.  0.  0.  0.  0.  0.  0.  0.  0.  0.  0.]
[ 3.  3.  3.  3.  3.  0.  0.  0.  0.  0.  0.  0.  0.  0.]
[ 2.  2.  2.  0.  0.  0.  0.  0.  0.  0.  0.  0.  0.  0.]
[ 6.  6.  6.  6.  6.  6.  0.  0.  0.  0.  0.  0.  0.  0.]
[ 4.  4.  4.  4.  0.  0.  0.  0.  0.  0.  0.  0.  0.  0.]
[ 2.  2.  2.  2.  1.  1.  0.  0.  0.  0.  0.  0.  0.  0.]
[ 2.  2.  2.  2.  1.  0.  0.  0.  0.  0.  0.  0.  0.  0.]
[ 2.  2.  2.  1.  1.  0.  0.  0.  0.  0.  0.  0.  0.  0.]
[ 6.  6.  6.  6.  6.  6.  0.  0.  0.  0.  0.  0.  0.  0.]
[ 1.  1.  1.  1.  1.  0.  0.  0.  0.  0.  0.  0.  0.  0.]
[ 5.  5.  5.  5.  5.  0.  0.  0.  0.  0.  0.  0.  0.  0.]
[ 5.  5.  5.  5.  5.  5.  5.  0.  0.  0.  0.  0.  0.  0.]
[ 5.  5.  5.  5.  5.  0.  0.  0.  0.  0.  0.  0.  0.  0.]
[ 1.  1.  0.  0.  0.  0.  0.  0.  0.  0.  0.  0.  0.  0.]
[ 6.  6.  6.  6.  6.  6.  0.  0.  0.  0.  0.  0.  0.  0.]
[ 4.  4.  4.  4.  0.  0.  0.  0.  0.  0.  0.  0.  0.  0.]
[ 2.  2.  1.  1.  1.  0.  0.  0.  0.  0.  0.  0.  0.  0.]
[ 5.  5.  5.  5.  5.  0.  0.  0.  0.  0.  0.  0.  0.  0.]
[ 2.  2.  2.  0.  0.  0.  0.  0.  0.  0.  0.  0.  0.  0.]
[ 1.  1.  1.  1.  1.  1.  0.  0.  0.  0.  0.  0.  0.  0.]
[ 1.  1.  0.  0.  0.  0.  0.  0.  0.  0.  0.  0.  0.  0.]
[ 6.  6.  6.  6.  6.  0.  0.  0.  0.  0.  0.  0.  0.  0.]
[ 3.  3.  3.  3.  3.  0.  0.  0.  0.  0.  0.  0.  0.  0.]
[ 3.  3.  3.  3.  3.  3.  0.  0.  0.  0.  0.  0.  0.  0.]
[ 3.  3.  3.  3.  3.  3.  0.  0.  0.  0.  0.  0.  0.  0.]
[ 3.  3.  3.  3.  3.  3.  0.  0.  0.  0.  0.  0.  0.  0.]
[ 3.  3.  3.  3.  3.  3.  0.  0.  0.  0.  0.  0.  0.  0.]
[ 5.  5.  5.  5.  5.  0.  0.  0.  0.  0.  0.  0.  0.  0.]
[ 4.  4.  4.  4.  0.  0.  0.  0.  0.  0.  0.  0.  0.  0.]
[ 4.  4.  4.  4.  0.  0.  0.  0.  0.  0.  0.  0.  0.  0.]
[ 6.  6.  6.  6.  6.  6.  0.  0.  0.  0.  0.  0.  0.  0.]
[ 1.  1.  1.  0.  0.  0.  0.  0.  0.  0.  0.  0.  0.  0.]
[ 4.  4.  4.  4.  0.  0.  0.  0.  0.  0.  0.  0.  0.  0.]
[ 5.  5.  5.  5.  5.  0.  0.  0.  0.  0.  0.  0.  0.  0.]
[ 5.  5.  5.  5.  5.  0.  0.  0.  0.  0.  0.  0.  0.  0.]
[ 4.  4.  4.  4.  0.  0.  0.  0.  0.  0.  0.  0.  0.  0.]
[ 5.  5.  5.  5.  5.  5.  0.  0.  0.  0.  0.  0.  0.  0.]
[ 6.  6.  6.  6.  6.  0.  0.  0.  0.  0.  0.  0.  0.  0.]
[ 6.  6.  6.  6.  6.  0.  0.  0.  0.  0.  0.  0.  0.  0.]
[ 5.  5.  5.  5.  5.  0.  0.  0.  0.  0.  0.  0.  0.  0.]
[ 2.  2.  2.  2.  0.  0.  0.  0.  0.  0.  0.  0.  0.  0.]
[ 5.  5.  5.  5.  5.  0.  0.  0.  0.  0.  0.  0.  0.  0.]
[ 3.  3.  3.  3.  0.  0.  0.  0.  0.  0.  0.  0.  0.  0.]
[ 5.  5.  5.  5.  5.  0.  0.  0.  0.  0.  0.  0.  0.  0.]
[ 5.  5.  5.  5.  0.  0.  0.  0.  0.  0.  0.  0.  0.  0.]
[ 6.  6.  6.  6.  6.  6.  0.  0.  0.  0.  0.  0.  0.  0.]
[ 6.  6.  6.  6.  0.  0.  0.  0.  0.  0.  0.  0.  0.  0.]
[ 6.  6.  6.  6.  6.  6.  0.  0.  0.  0.  0.  0.  0.  0.]
[ 4.  4.  4.  4.  0.  0.  0.  0.  0.  0.  0.  0.  0.  0.]
[ 1.  1.  1.  1.  1.  1.  1.  1.  1.  0.  0.  0.  0.  0.]
[ 6.  6.  6.  6.  6.  0.  0.  0.  0.  0.  0.  0.  0.  0.]
[ 2.  2.  2.  0.  0.  0.  0.  0.  0.  0.  0.  0.  0.  0.]
[ 5.  5.  5.  5.  5.  5.  5.  0.  0.  0.  0.  0.  0.  0.]
[ 1.  0.  0.  0.  0.  0.  0.  0.  0.  0.  0.  0.  0.  0.]
[ 3.  3.  3.  3.  3.  0.  0.  0.  0.  0.  0.  0.  0.  0.]
[ 5.  5.  5.  5.  5.  5.  5.  5.  0.  0.  0.  0.  0.  0.]
[ 2.  2.  0.  0.  0.  0.  0.  0.  0.  0.  0.  0.  0.  0.]
[ 2.  2.  2.  0.  0.  0.  0.  0.  0.  0.  0.  0.  0.  0.]
[ 5.  5.  5.  5.  5.  0.  0.  0.  0.  0.  0.  0.  0.  0.]
[ 2.  2.  1.  1.  0.  0.  0.  0.  0.  0.  0.  0.  0.  0.]
[ 2.  2.  0.  0.  0.  0.  0.  0.  0.  0.  0.  0.  0.  0.]
[ 4.  4.  0.  0.  0.  0.  0.  0.  0.  0.  0.  0.  0.  0.]
[ 2.  2.  2.  0.  0.  0.  0.  0.  0.  0.  0.  0.  0.  0.]
[ 2.  2.  2.  0.  0.  0.  0.  0.  0.  0.  0.  0.  0.  0.]
[ 6.  6.  6.  6.  4.  4.  0.  0.  0.  0.  0.  0.  0.  0.]
[ 5.  5.  5.  5.  5.  5.  0.  0.  0.  0.  0.  0.  0.  0.]
[ 1.  1.  1.  1.  1.  1.  1.  1.  1.  1.  1.  0.  0.  0.]
[ 5.  5.  5.  5.  5.  5.  5.  0.  0.  0.  0.  0.  0.  0.]
[ 5.  5.  5.  5.  5.  0.  0.  0.  0.  0.  0.  0.  0.  0.]
[ 6.  6.  6.  6.  6.  6.  0.  0.  0.  0.  0.  0.  0.  0.]
[ 5.  5.  5.  5.  5.  0.  0.  0.  0.  0.  0.  0.  0.  0.]
[ 5.  5.  5.  5.  5.  0.  0.  0.  0.  0.  0.  0.  0.  0.]
[ 5.  5.  5.  5.  5.  5.  0.  0.  0.  0.  0.  0.  0.  0.]
[ 6.  6.  6.  6.  6.  6.  0.  0.  0.  0.  0.  0.  0.  0.]
[ 5.  5.  5.  5.  5.  5.  5.  0.  0.  0.  0.  0.  0.  0.]
[ 6.  6.  6.  6.  6.  6.  0.  0.  0.  0.  0.  0.  0.  0.]
[ 4.  4.  4.  4.  0.  0.  0.  0.  0.  0.  0.  0.  0.  0.]
[ 2.  2.  0.  0.  0.  0.  0.  0.  0.  0.  0.  0.  0.  0.]
[ 4.  4.  4.  4.  0.  0.  0.  0.  0.  0.  0.  0.  0.  0.]
[ 4.  4.  4.  4.  0.  0.  0.  0.  0.  0.  0.  0.  0.  0.]
[ 5.  5.  5.  5.  5.  5.  5.  0.  0.  0.  0.  0.  0.  0.]
[ 6.  6.  6.  6.  6.  6.  0.  0.  0.  0.  0.  0.  0.  0.]
[ 4.  4.  4.  4.  0.  0.  0.  0.  0.  0.  0.  0.  0.  0.]
[ 6.  6.  6.  6.  6.  6.  0.  0.  0.  0.  0.  0.  0.  0.]
[ 6.  6.  6.  6.  6.  0.  0.  0.  0.  0.  0.  0.  0.  0.]
[ 1.  1.  1.  1.  0.  0.  0.  0.  0.  0.  0.  0.  0.  0.]
[ 4.  4.  0.  0.  0.  0.  0.  0.  0.  0.  0.  0.  0.  0.]
[ 6.  6.  6.  6.  6.  6.  0.  0.  0.  0.  0.  0.  0.  0.]
[ 4.  4.  4.  4.  0.  0.  0.  0.  0.  0.  0.  0.  0.  0.]
[ 1.  1.  1.  0.  0.  0.  0.  0.  0.  0.  0.  0.  0.  0.]
[ 2.  2.  0.  0.  0.  0.  0.  0.  0.  0.  0.  0.  0.  0.]
[ 5.  5.  5.  5.  5.  5.  0.  0.  0.  0.  0.  0.  0.  0.]
[ 6.  6.  6.  6.  6.  0.  0.  0.  0.  0.  0.  0.  0.  0.]
[ 5.  5.  5.  5.  5.  5.  5.  0.  0.  0.  0.  0.  0.  0.]
[ 2.  2.  2.  1.  1.  1.  0.  0.  0.  0.  0.  0.  0.  0.]
[ 2.  2.  2.  0.  0.  0.  0.  0.  0.  0.  0.  0.  0.  0.]
[ 5.  5.  5.  5.  5.  5.  0.  0.  0.  0.  0.  0.  0.  0.]
[ 4.  4.  4.  4.  4.  4.  0.  0.  0.  0.  0.  0.  0.  0.]
[ 6.  6.  6.  6.  6.  0.  0.  0.  0.  0.  0.  0.  0.  0.]
[ 2.  2.  2.  0.  0.  0.  0.  0.  0.  0.  0.  0.  0.  0.]
[ 5.  5.  5.  5.  5.  0.  0.  0.  0.  0.  0.  0.  0.  0.]
[ 3.  3.  3.  3.  3.  0.  0.  0.  0.  0.  0.  0.  0.  0.]
[ 5.  5.  5.  5.  5.  5.  0.  0.  0.  0.  0.  0.  0.  0.]
[ 2.  2.  2.  1.  1.  1.  1.  0.  0.  0.  0.  0.  0.  0.]
[ 6.  6.  6.  6.  6.  6.  4.  4.  0.  0.  0.  0.  0.  0.]
[ 6.  6.  6.  6.  6.  0.  0.  0.  0.  0.  0.  0.  0.  0.]
[ 4.  4.  4.  4.  0.  0.  0.  0.  0.  0.  0.  0.  0.  0.]
[ 5.  5.  5.  5.  5.  5.  0.  0.  0.  0.  0.  0.  0.  0.]
[ 4.  4.  4.  4.  0.  0.  0.  0.  0.  0.  0.  0.  0.  0.]
[ 4.  4.  0.  0.  0.  0.  0.  0.  0.  0.  0.  0.  0.  0.]
[ 4.  4.  4.  4.  0.  0.  0.  0.  0.  0.  0.  0.  0.  0.]
[ 6.  6.  6.  6.  6.  6.  0.  0.  0.  0.  0.  0.  0.  0.]
[ 2.  2.  2.  0.  0.  0.  0.  0.  0.  0.  0.  0.  0.  0.]
[ 2.  2.  2.  0.  0.  0.  0.  0.  0.  0.  0.  0.  0.  0.]
[ 3.  3.  3.  3.  3.  3.  0.  0.  0.  0.  0.  0.  0.  0.]
[ 4.  4.  4.  4.  0.  0.  0.  0.  0.  0.  0.  0.  0.  0.]
[ 2.  2.  1.  1.  1.  0.  0.  0.  0.  0.  0.  0.  0.  0.]
[ 4.  4.  4.  4.  4.  4.  0.  0.  0.  0.  0.  0.  0.  0.]
[ 4.  0.  0.  0.  0.  0.  0.  0.  0.  0.  0.  0.  0.  0.]
[ 5.  5.  5.  5.  5.  5.  0.  0.  0.  0.  0.  0.  0.  0.]
[ 2.  2.  2.  0.  0.  0.  0.  0.  0.  0.  0.  0.  0.  0.]
[ 2.  2.  2.  0.  0.  0.  0.  0.  0.  0.  0.  0.  0.  0.]
[ 6.  6.  6.  6.  0.  0.  0.  0.  0.  0.  0.  0.  0.  0.]
[ 6.  6.  6.  6.  6.  6.  0.  0.  0.  0.  0.  0.  0.  0.]
[ 6.  6.  6.  6.  6.  6.  0.  0.  0.  0.  0.  0.  0.  0.]
[ 6.  6.  6.  6.  6.  6.  0.  0.  0.  0.  0.  0.  0.  0.]
[ 5.  5.  5.  5.  0.  0.  0.  0.  0.  0.  0.  0.  0.  0.]
[ 5.  5.  5.  5.  5.  0.  0.  0.  0.  0.  0.  0.  0.  0.]
[ 2.  1.  1.  0.  0.  0.  0.  0.  0.  0.  0.  0.  0.  0.]
[ 3.  3.  3.  3.  3.  3.  0.  0.  0.  0.  0.  0.  0.  0.]
[ 2.  2.  2.  1.  0.  0.  0.  0.  0.  0.  0.  0.  0.  0.]
[ 4.  4.  4.  4.  4.  4.  0.  0.  0.  0.  0.  0.  0.  0.]
[ 1.  1.  1.  1.  1.  0.  0.  0.  0.  0.  0.  0.  0.  0.]
[ 6.  6.  6.  6.  6.  6.  0.  0.  0.  0.  0.  0.  0.  0.]
[ 2.  2.  2.  0.  0.  0.  0.  0.  0.  0.  0.  0.  0.  0.]
[ 3.  3.  3.  3.  3.  3.  0.  0.  0.  0.  0.  0.  0.  0.]
[ 2.  2.  2.  2.  0.  0.  0.  0.  0.  0.  0.  0.  0.  0.]
[ 3.  3.  3.  3.  0.  0.  0.  0.  0.  0.  0.  0.  0.  0.]
[ 4.  4.  4.  4.  0.  0.  0.  0.  0.  0.  0.  0.  0.  0.]
[ 6.  6.  6.  6.  6.  0.  0.  0.  0.  0.  0.  0.  0.  0.]
[ 1.  1.  0.  0.  0.  0.  0.  0.  0.  0.  0.  0.  0.  0.]
[ 6.  0.  0.  0.  0.  0.  0.  0.  0.  0.  0.  0.  0.  0.]
[ 4.  4.  4.  4.  4.  4.  0.  0.  0.  0.  0.  0.  0.  0.]
[ 4.  4.  4.  4.  0.  0.  0.  0.  0.  0.  0.  0.  0.  0.]
[ 4.  4.  4.  4.  0.  0.  0.  0.  0.  0.  0.  0.  0.  0.]
[ 6.  6.  6.  6.  6.  0.  0.  0.  0.  0.  0.  0.  0.  0.]
[ 5.  5.  5.  5.  5.  5.  0.  0.  0.  0.  0.  0.  0.  0.]
[ 3.  3.  3.  3.  3.  0.  0.  0.  0.  0.  0.  0.  0.  0.]
[ 3.  3.  3.  3.  3.  3.  0.  0.  0.  0.  0.  0.  0.  0.]
[ 6.  6.  6.  6.  6.  6.  0.  0.  0.  0.  0.  0.  0.  0.]
[ 4.  0.  0.  0.  0.  0.  0.  0.  0.  0.  0.  0.  0.  0.]
[ 3.  3.  3.  3.  3.  3.  0.  0.  0.  0.  0.  0.  0.  0.]
[ 4.  4.  4.  4.  0.  0.  0.  0.  0.  0.  0.  0.  0.  0.]
[ 6.  6.  6.  6.  6.  0.  0.  0.  0.  0.  0.  0.  0.  0.]
[ 6.  6.  6.  6.  6.  0.  0.  0.  0.  0.  0.  0.  0.  0.]
[ 2.  2.  2.  0.  0.  0.  0.  0.  0.  0.  0.  0.  0.  0.]
[ 5.  5.  5.  5.  5.  0.  0.  0.  0.  0.  0.  0.  0.  0.]
[ 4.  4.  4.  4.  4.  4.  0.  0.  0.  0.  0.  0.  0.  0.]
[ 5.  5.  5.  5.  5.  0.  0.  0.  0.  0.  0.  0.  0.  0.]
[ 5.  5.  5.  5.  5.  5.  0.  0.  0.  0.  0.  0.  0.  0.]
[ 5.  5.  5.  5.  5.  0.  0.  0.  0.  0.  0.  0.  0.  0.]
[ 5.  5.  5.  5.  5.  5.  5.  5.  0.  0.  0.  0.  0.  0.]
[ 3.  3.  3.  3.  3.  3.  0.  0.  0.  0.  0.  0.  0.  0.]
[ 3.  3.  3.  3.  3.  0.  0.  0.  0.  0.  0.  0.  0.  0.]
[ 2.  2.  2.  1.  1.  0.  0.  0.  0.  0.  0.  0.  0.  0.]
[ 6.  6.  6.  6.  6.  0.  0.  0.  0.  0.  0.  0.  0.  0.]
[ 5.  5.  5.  5.  5.  5.  0.  0.  0.  0.  0.  0.  0.  0.]
[ 5.  5.  5.  5.  5.  5.  0.  0.  0.  0.  0.  0.  0.  0.]
[ 6.  6.  6.  6.  6.  6.  0.  0.  0.  0.  0.  0.  0.  0.]
[ 3.  3.  3.  3.  3.  0.  0.  0.  0.  0.  0.  0.  0.  0.]
[ 4.  4.  4.  4.  0.  0.  0.  0.  0.  0.  0.  0.  0.  0.]
[ 6.  6.  6.  6.  6.  6.  0.  0.  0.  0.  0.  0.  0.  0.]
[ 4.  4.  4.  4.  0.  0.  0.  0.  0.  0.  0.  0.  0.  0.]
[ 3.  3.  3.  3.  3.  0.  0.  0.  0.  0.  0.  0.  0.  0.]
[ 5.  5.  5.  5.  5.  0.  0.  0.  0.  0.  0.  0.  0.  0.]
[ 4.  4.  4.  4.  0.  0.  0.  0.  0.  0.  0.  0.  0.  0.]
[ 2.  2.  2.  0.  0.  0.  0.  0.  0.  0.  0.  0.  0.  0.]
[ 5.  5.  5.  5.  5.  0.  0.  0.  0.  0.  0.  0.  0.  0.]
[ 6.  6.  6.  6.  6.  6.  0.  0.  0.  0.  0.  0.  0.  0.]
[ 1.  1.  1.  1.  0.  0.  0.  0.  0.  0.  0.  0.  0.  0.]
[ 4.  4.  4.  4.  0.  0.  0.  0.  0.  0.  0.  0.  0.  0.]
[ 1.  1.  1.  1.  1.  1.  1.  1.  1.  1.  1.  0.  0.  0.]
[ 1.  1.  1.  1.  1.  1.  0.  0.  0.  0.  0.  0.  0.  0.]
[ 6.  6.  6.  6.  6.  0.  0.  0.  0.  0.  0.  0.  0.  0.]
[ 5.  5.  5.  5.  5.  0.  0.  0.  0.  0.  0.  0.  0.  0.]
[ 2.  2.  2.  0.  0.  0.  0.  0.  0.  0.  0.  0.  0.  0.]
[ 5.  5.  5.  5.  5.  0.  0.  0.  0.  0.  0.  0.  0.  0.]
[ 4.  4.  4.  4.  0.  0.  0.  0.  0.  0.  0.  0.  0.  0.]
[ 5.  5.  5.  5.  5.  5.  5.  0.  0.  0.  0.  0.  0.  0.]
[ 6.  6.  6.  6.  6.  6.  0.  0.  0.  0.  0.  0.  0.  0.]
[ 1.  1.  1.  1.  1.  1.  1.  0.  0.  0.  0.  0.  0.  0.]
[ 2.  2.  2.  0.  0.  0.  0.  0.  0.  0.  0.  0.  0.  0.]
[ 4.  4.  4.  4.  0.  0.  0.  0.  0.  0.  0.  0.  0.  0.]
[ 2.  2.  0.  0.  0.  0.  0.  0.  0.  0.  0.  0.  0.  0.]
[ 6.  6.  6.  6.  6.  0.  0.  0.  0.  0.  0.  0.  0.  0.]
[ 5.  5.  5.  5.  5.  0.  0.  0.  0.  0.  0.  0.  0.  0.]
[ 5.  5.  5.  5.  5.  5.  5.  0.  0.  0.  0.  0.  0.  0.]
[ 6.  6.  6.  6.  6.  6.  0.  0.  0.  0.  0.  0.  0.  0.]
[ 5.  5.  5.  5.  5.  0.  0.  0.  0.  0.  0.  0.  0.  0.]
[ 6.  6.  6.  6.  6.  0.  0.  0.  0.  0.  0.  0.  0.  0.]
[ 6.  6.  6.  6.  6.  0.  0.  0.  0.  0.  0.  0.  0.  0.]
[ 2.  2.  2.  0.  0.  0.  0.  0.  0.  0.  0.  0.  0.  0.]
[ 4.  4.  4.  4.  4.  4.  0.  0.  0.  0.  0.  0.  0.  0.]
[ 2.  2.  2.  0.  0.  0.  0.  0.  0.  0.  0.  0.  0.  0.]
[ 4.  4.  0.  0.  0.  0.  0.  0.  0.  0.  0.  0.  0.  0.]
[ 4.  4.  4.  4.  0.  0.  0.  0.  0.  0.  0.  0.  0.  0.]
[ 5.  5.  5.  5.  5.  0.  0.  0.  0.  0.  0.  0.  0.  0.]
[ 2.  2.  2.  0.  0.  0.  0.  0.  0.  0.  0.  0.  0.  0.]
[ 2.  2.  2.  0.  0.  0.  0.  0.  0.  0.  0.  0.  0.  0.]
[ 6.  6.  6.  6.  6.  0.  0.  0.  0.  0.  0.  0.  0.  0.]
[ 5.  5.  5.  5.  5.  0.  0.  0.  0.  0.  0.  0.  0.  0.]
[ 6.  6.  6.  6.  6.  0.  0.  0.  0.  0.  0.  0.  0.  0.]
[ 4.  4.  0.  0.  0.  0.  0.  0.  0.  0.  0.  0.  0.  0.]
[ 4.  4.  4.  4.  4.  4.  0.  0.  0.  0.  0.  0.  0.  0.]
[ 3.  3.  3.  3.  3.  3.  0.  0.  0.  0.  0.  0.  0.  0.]
[ 4.  4.  4.  4.  0.  0.  0.  0.  0.  0.  0.  0.  0.  0.]
[ 5.  5.  5.  5.  5.  0.  0.  0.  0.  0.  0.  0.  0.  0.]
[ 5.  5.  5.  5.  5.  5.  5.  5.  0.  0.  0.  0.  0.  0.]
[ 6.  6.  6.  6.  6.  0.  0.  0.  0.  0.  0.  0.  0.  0.]
[ 6.  6.  6.  6.  6.  0.  0.  0.  0.  0.  0.  0.  0.  0.]
[ 1.  1.  1.  1.  1.  1.  0.  0.  0.  0.  0.  0.  0.  0.]
[ 6.  6.  6.  6.  6.  0.  0.  0.  0.  0.  0.  0.  0.  0.]
[ 6.  6.  6.  6.  6.  6.  0.  0.  0.  0.  0.  0.  0.  0.]
[ 4.  4.  4.  4.  0.  0.  0.  0.  0.  0.  0.  0.  0.  0.]
[ 4.  4.  4.  4.  4.  4.  0.  0.  0.  0.  0.  0.  0.  0.]
[ 5.  5.  5.  5.  5.  5.  5.  5.  0.  0.  0.  0.  0.  0.]
[ 6.  6.  6.  6.  4.  4.  0.  0.  0.  0.  0.  0.  0.  0.]
[ 5.  5.  5.  5.  5.  0.  0.  0.  0.  0.  0.  0.  0.  0.]
[ 6.  6.  6.  6.  6.  6.  0.  0.  0.  0.  0.  0.  0.  0.]
[ 6.  6.  6.  6.  6.  6.  0.  0.  0.  0.  0.  0.  0.  0.]
[ 6.  6.  6.  6.  6.  0.  0.  0.  0.  0.  0.  0.  0.  0.]
[ 3.  3.  3.  3.  3.  0.  0.  0.  0.  0.  0.  0.  0.  0.]
[ 6.  6.  6.  6.  6.  6.  0.  0.  0.  0.  0.  0.  0.  0.]
[ 6.  6.  6.  6.  6.  6.  0.  0.  0.  0.  0.  0.  0.  0.]
[ 1.  1.  0.  0.  0.  0.  0.  0.  0.  0.  0.  0.  0.  0.]
[ 4.  4.  4.  4.  0.  0.  0.  0.  0.  0.  0.  0.  0.  0.]
[ 2.  2.  2.  0.  0.  0.  0.  0.  0.  0.  0.  0.  0.  0.]
[ 4.  4.  4.  4.  0.  0.  0.  0.  0.  0.  0.  0.  0.  0.]
[ 5.  5.  5.  5.  5.  0.  0.  0.  0.  0.  0.  0.  0.  0.]
[ 4.  4.  4.  4.  0.  0.  0.  0.  0.  0.  0.  0.  0.  0.]
[ 6.  6.  6.  6.  0.  0.  0.  0.  0.  0.  0.  0.  0.  0.]
[ 5.  5.  5.  5.  5.  0.  0.  0.  0.  0.  0.  0.  0.  0.]
[ 1.  1.  1.  1.  1.  1.  1.  0.  0.  0.  0.  0.  0.  0.]
[ 2.  2.  2.  2.  0.  0.  0.  0.  0.  0.  0.  0.  0.  0.]
[ 5.  5.  5.  5.  5.  0.  0.  0.  0.  0.  0.  0.  0.  0.]
[ 1.  1.  0.  0.  0.  0.  0.  0.  0.  0.  0.  0.  0.  0.]
[ 5.  5.  5.  5.  5.  5.  5.  0.  0.  0.  0.  0.  0.  0.]
[ 3.  3.  3.  3.  3.  0.  0.  0.  0.  0.  0.  0.  0.  0.]
[ 5.  5.  5.  5.  5.  0.  0.  0.  0.  0.  0.  0.  0.  0.]
[ 4.  4.  4.  4.  0.  0.  0.  0.  0.  0.  0.  0.  0.  0.]
[ 2.  2.  2.  0.  0.  0.  0.  0.  0.  0.  0.  0.  0.  0.]
[ 5.  5.  5.  5.  5.  5.  5.  5.  0.  0.  0.  0.  0.  0.]
[ 4.  4.  4.  4.  0.  0.  0.  0.  0.  0.  0.  0.  0.  0.]
[ 6.  6.  6.  6.  0.  0.  0.  0.  0.  0.  0.  0.  0.  0.]
[ 6.  6.  6.  6.  6.  0.  0.  0.  0.  0.  0.  0.  0.  0.]
[ 3.  3.  3.  3.  3.  0.  0.  0.  0.  0.  0.  0.  0.  0.]
[ 5.  5.  5.  5.  5.  0.  0.  0.  0.  0.  0.  0.  0.  0.]
[ 5.  5.  5.  5.  5.  0.  0.  0.  0.  0.  0.  0.  0.  0.]
[ 3.  3.  3.  3.  3.  0.  0.  0.  0.  0.  0.  0.  0.  0.]
[ 6.  6.  6.  6.  6.  0.  0.  0.  0.  0.  0.  0.  0.  0.]
[ 1.  1.  1.  0.  0.  0.  0.  0.  0.  0.  0.  0.  0.  0.]
[ 4.  4.  4.  4.  0.  0.  0.  0.  0.  0.  0.  0.  0.  0.]
[ 6.  6.  6.  6.  6.  0.  0.  0.  0.  0.  0.  0.  0.  0.]
[ 5.  5.  5.  5.  5.  0.  0.  0.  0.  0.  0.  0.  0.  0.]
[ 4.  4.  4.  4.  4.  4.  0.  0.  0.  0.  0.  0.  0.  0.]
[ 6.  6.  6.  6.  0.  0.  0.  0.  0.  0.  0.  0.  0.  0.]
[ 6.  6.  6.  6.  6.  0.  0.  0.  0.  0.  0.  0.  0.  0.]
[ 4.  4.  4.  4.  0.  0.  0.  0.  0.  0.  0.  0.  0.  0.]
[ 2.  2.  2.  1.  1.  1.  1.  0.  0.  0.  0.  0.  0.  0.]
[ 1.  1.  1.  1.  1.  1.  0.  0.  0.  0.  0.  0.  0.  0.]
[ 4.  4.  4.  4.  0.  0.  0.  0.  0.  0.  0.  0.  0.  0.]
[ 6.  6.  6.  6.  6.  0.  0.  0.  0.  0.  0.  0.  0.  0.]
[ 2.  2.  2.  0.  0.  0.  0.  0.  0.  0.  0.  0.  0.  0.]
[ 6.  6.  6.  6.  0.  0.  0.  0.  0.  0.  0.  0.  0.  0.]
[ 2.  2.  2.  0.  0.  0.  0.  0.  0.  0.  0.  0.  0.  0.]
[ 5.  5.  5.  5.  5.  5.  0.  0.  0.  0.  0.  0.  0.  0.]
[ 6.  6.  6.  6.  6.  0.  0.  0.  0.  0.  0.  0.  0.  0.]
[ 6.  6.  6.  6.  0.  0.  0.  0.  0.  0.  0.  0.  0.  0.]
[ 2.  2.  2.  0.  0.  0.  0.  0.  0.  0.  0.  0.  0.  0.]
[ 5.  5.  5.  5.  5.  0.  0.  0.  0.  0.  0.  0.  0.  0.]
[ 5.  5.  5.  5.  5.  5.  0.  0.  0.  0.  0.  0.  0.  0.]
[ 4.  4.  4.  4.  0.  0.  0.  0.  0.  0.  0.  0.  0.  0.]
[ 5.  5.  5.  5.  5.  0.  0.  0.  0.  0.  0.  0.  0.  0.]
[ 1.  0.  0.  0.  0.  0.  0.  0.  0.  0.  0.  0.  0.  0.]
[ 4.  4.  4.  4.  0.  0.  0.  0.  0.  0.  0.  0.  0.  0.]
[ 5.  5.  5.  5.  5.  0.  0.  0.  0.  0.  0.  0.  0.  0.]
[ 2.  2.  2.  0.  0.  0.  0.  0.  0.  0.  0.  0.  0.  0.]
[ 1.  1.  1.  0.  0.  0.  0.  0.  0.  0.  0.  0.  0.  0.]
[ 6.  6.  6.  6.  0.  0.  0.  0.  0.  0.  0.  0.  0.  0.]
[ 4.  4.  4.  4.  4.  4.  0.  0.  0.  0.  0.  0.  0.  0.]
[ 2.  2.  2.  2.  2.  0.  0.  0.  0.  0.  0.  0.  0.  0.]
[ 4.  4.  4.  4.  0.  0.  0.  0.  0.  0.  0.  0.  0.  0.]
[ 5.  5.  5.  5.  5.  5.  5.  5.  0.  0.  0.  0.  0.  0.]
[ 6.  6.  6.  6.  0.  0.  0.  0.  0.  0.  0.  0.  0.  0.]
[ 4.  4.  4.  4.  0.  0.  0.  0.  0.  0.  0.  0.  0.  0.]
[ 2.  2.  2.  0.  0.  0.  0.  0.  0.  0.  0.  0.  0.  0.]
[ 6.  6.  6.  6.  6.  6.  0.  0.  0.  0.  0.  0.  0.  0.]
[ 5.  5.  5.  5.  5.  0.  0.  0.  0.  0.  0.  0.  0.  0.]
[ 1.  1.  1.  0.  0.  0.  0.  0.  0.  0.  0.  0.  0.  0.]
[ 6.  6.  6.  6.  6.  0.  0.  0.  0.  0.  0.  0.  0.  0.]
[ 5.  5.  5.  5.  5.  0.  0.  0.  0.  0.  0.  0.  0.  0.]
[ 6.  6.  6.  6.  6.  0.  0.  0.  0.  0.  0.  0.  0.  0.]
[ 3.  3.  3.  3.  3.  0.  0.  0.  0.  0.  0.  0.  0.  0.]
[ 6.  6.  6.  6.  6.  6.  0.  0.  0.  0.  0.  0.  0.  0.]
[ 6.  6.  6.  6.  6.  6.  0.  0.  0.  0.  0.  0.  0.  0.]
[ 2.  0.  0.  0.  0.  0.  0.  0.  0.  0.  0.  0.  0.  0.]
[ 4.  4.  4.  4.  4.  0.  0.  0.  0.  0.  0.  0.  0.  0.]
[ 3.  3.  3.  0.  0.  0.  0.  0.  0.  0.  0.  0.  0.  0.]
[ 5.  5.  5.  5.  5.  0.  0.  0.  0.  0.  0.  0.  0.  0.]
[ 2.  2.  2.  0.  0.  0.  0.  0.  0.  0.  0.  0.  0.  0.]
[ 6.  6.  6.  6.  6.  6.  0.  0.  0.  0.  0.  0.  0.  0.]
[ 2.  2.  2.  0.  0.  0.  0.  0.  0.  0.  0.  0.  0.  0.]
[ 6.  6.  6.  6.  6.  6.  0.  0.  0.  0.  0.  0.  0.  0.]
[ 6.  6.  6.  6.  6.  0.  0.  0.  0.  0.  0.  0.  0.  0.]
[ 1.  1.  0.  0.  0.  0.  0.  0.  0.  0.  0.  0.  0.  0.]
[ 6.  6.  6.  6.  6.  0.  0.  0.  0.  0.  0.  0.  0.  0.]
[ 6.  6.  6.  6.  6.  6.  0.  0.  0.  0.  0.  0.  0.  0.]
[ 2.  2.  2.  2.  2.  0.  0.  0.  0.  0.  0.  0.  0.  0.]
[ 6.  6.  6.  6.  6.  0.  0.  0.  0.  0.  0.  0.  0.  0.]
[ 6.  6.  6.  6.  6.  6.  4.  4.  0.  0.  0.  0.  0.  0.]
[ 6.  6.  6.  6.  6.  0.  0.  0.  0.  0.  0.  0.  0.  0.]
[ 1.  1.  1.  0.  0.  0.  0.  0.  0.  0.  0.  0.  0.  0.]
[ 4.  4.  4.  4.  0.  0.  0.  0.  0.  0.  0.  0.  0.  0.]
[ 3.  3.  3.  3.  3.  0.  0.  0.  0.  0.  0.  0.  0.  0.]
[ 5.  5.  5.  5.  5.  0.  0.  0.  0.  0.  0.  0.  0.  0.]
[ 1.  1.  1.  1.  0.  0.  0.  0.  0.  0.  0.  0.  0.  0.]
[ 2.  2.  2.  1.  1.  1.  0.  0.  0.  0.  0.  0.  0.  0.]
[ 2.  2.  0.  0.  0.  0.  0.  0.  0.  0.  0.  0.  0.  0.]
[ 4.  4.  4.  4.  0.  0.  0.  0.  0.  0.  0.  0.  0.  0.]
[ 6.  6.  6.  6.  6.  6.  0.  0.  0.  0.  0.  0.  0.  0.]
[ 4.  4.  4.  4.  0.  0.  0.  0.  0.  0.  0.  0.  0.  0.]
[ 1.  1.  1.  1.  1.  1.  1.  1.  0.  0.  0.  0.  0.  0.]
[ 4.  4.  4.  4.  0.  0.  0.  0.  0.  0.  0.  0.  0.  0.]
[ 3.  3.  3.  3.  3.  3.  0.  0.  0.  0.  0.  0.  0.  0.]
[ 2.  2.  2.  1.  1.  1.  1.  0.  0.  0.  0.  0.  0.  0.]
[ 1.  1.  1.  0.  0.  0.  0.  0.  0.  0.  0.  0.  0.  0.]
[ 6.  6.  6.  6.  6.  6.  0.  0.  0.  0.  0.  0.  0.  0.]
[ 6.  6.  6.  6.  6.  6.  0.  0.  0.  0.  0.  0.  0.  0.]
[ 5.  5.  5.  5.  5.  5.  5.  5.  0.  0.  0.  0.  0.  0.]
[ 2.  2.  2.  2.  0.  0.  0.  0.  0.  0.  0.  0.  0.  0.]
[ 4.  4.  4.  4.  0.  0.  0.  0.  0.  0.  0.  0.  0.  0.]
[ 5.  5.  5.  5.  5.  5.  0.  0.  0.  0.  0.  0.  0.  0.]
[ 2.  2.  2.  1.  1.  1.  0.  0.  0.  0.  0.  0.  0.  0.]
[ 5.  5.  5.  5.  5.  0.  0.  0.  0.  0.  0.  0.  0.  0.]
[ 2.  2.  2.  0.  0.  0.  0.  0.  0.  0.  0.  0.  0.  0.]
[ 6.  6.  6.  6.  0.  0.  0.  0.  0.  0.  0.  0.  0.  0.]
[ 5.  5.  5.  5.  5.  5.  5.  5.  0.  0.  0.  0.  0.  0.]
[ 4.  4.  4.  0.  0.  0.  0.  0.  0.  0.  0.  0.  0.  0.]
[ 1.  1.  1.  1.  1.  1.  1.  1.  1.  1.  1.  0.  0.  0.]
[ 4.  4.  4.  4.  0.  0.  0.  0.  0.  0.  0.  0.  0.  0.]
[ 3.  3.  3.  3.  0.  0.  0.  0.  0.  0.  0.  0.  0.  0.]
[ 5.  5.  5.  5.  5.  0.  0.  0.  0.  0.  0.  0.  0.  0.]
[ 2.  2.  2.  0.  0.  0.  0.  0.  0.  0.  0.  0.  0.  0.]
[ 4.  4.  4.  4.  0.  0.  0.  0.  0.  0.  0.  0.  0.  0.]
[ 4.  4.  0.  0.  0.  0.  0.  0.  0.  0.  0.  0.  0.  0.]
[ 6.  6.  6.  6.  0.  0.  0.  0.  0.  0.  0.  0.  0.  0.]
[ 4.  4.  4.  4.  0.  0.  0.  0.  0.  0.  0.  0.  0.  0.]
[ 4.  4.  4.  4.  0.  0.  0.  0.  0.  0.  0.  0.  0.  0.]
[ 2.  2.  1.  1.  1.  1.  1.  0.  0.  0.  0.  0.  0.  0.]
[ 5.  5.  5.  5.  5.  0.  0.  0.  0.  0.  0.  0.  0.  0.]
[ 6.  6.  6.  6.  6.  0.  0.  0.  0.  0.  0.  0.  0.  0.]
[ 6.  6.  6.  6.  6.  6.  0.  0.  0.  0.  0.  0.  0.  0.]
[ 5.  5.  5.  5.  5.  0.  0.  0.  0.  0.  0.  0.  0.  0.]
[ 4.  4.  4.  4.  0.  0.  0.  0.  0.  0.  0.  0.  0.  0.]
[ 6.  6.  6.  6.  0.  0.  0.  0.  0.  0.  0.  0.  0.  0.]
[ 6.  6.  6.  6.  6.  6.  0.  0.  0.  0.  0.  0.  0.  0.]
[ 2.  2.  2.  0.  0.  0.  0.  0.  0.  0.  0.  0.  0.  0.]
[ 4.  4.  0.  0.  0.  0.  0.  0.  0.  0.  0.  0.  0.  0.]
[ 4.  4.  4.  4.  4.  4.  0.  0.  0.  0.  0.  0.  0.  0.]
[ 3.  3.  3.  3.  3.  0.  0.  0.  0.  0.  0.  0.  0.  0.]
[ 2.  2.  2.  1.  1.  0.  0.  0.  0.  0.  0.  0.  0.  0.]
[ 4.  4.  4.  4.  0.  0.  0.  0.  0.  0.  0.  0.  0.  0.]
[ 3.  3.  3.  3.  3.  0.  0.  0.  0.  0.  0.  0.  0.  0.]
[ 4.  4.  4.  4.  0.  0.  0.  0.  0.  0.  0.  0.  0.  0.]
[ 6.  6.  6.  6.  6.  6.  4.  4.  0.  0.  0.  0.  0.  0.]
[ 4.  4.  4.  4.  0.  0.  0.  0.  0.  0.  0.  0.  0.  0.]
[ 4.  4.  4.  4.  0.  0.  0.  0.  0.  0.  0.  0.  0.  0.]
[ 6.  6.  6.  6.  6.  6.  0.  0.  0.  0.  0.  0.  0.  0.]
[ 1.  1.  1.  1.  1.  1.  1.  0.  0.  0.  0.  0.  0.  0.]
[ 6.  6.  6.  6.  6.  0.  0.  0.  0.  0.  0.  0.  0.  0.]
[ 4.  4.  4.  4.  0.  0.  0.  0.  0.  0.  0.  0.  0.  0.]
[ 5.  5.  5.  5.  5.  5.  5.  5.  0.  0.  0.  0.  0.  0.]
[ 6.  6.  6.  6.  6.  0.  0.  0.  0.  0.  0.  0.  0.  0.]
[ 4.  4.  4.  4.  0.  0.  0.  0.  0.  0.  0.  0.  0.  0.]
[ 4.  4.  4.  4.  0.  0.  0.  0.  0.  0.  0.  0.  0.  0.]
[ 1.  1.  1.  1.  0.  0.  0.  0.  0.  0.  0.  0.  0.  0.]
[ 2.  2.  2.  0.  0.  0.  0.  0.  0.  0.  0.  0.  0.  0.]
[ 6.  6.  6.  6.  6.  6.  0.  0.  0.  0.  0.  0.  0.  0.]
[ 5.  5.  5.  5.  5.  0.  0.  0.  0.  0.  0.  0.  0.  0.]
[ 6.  6.  6.  6.  0.  0.  0.  0.  0.  0.  0.  0.  0.  0.]
[ 4.  4.  0.  0.  0.  0.  0.  0.  0.  0.  0.  0.  0.  0.]
[ 6.  6.  6.  6.  6.  0.  0.  0.  0.  0.  0.  0.  0.  0.]
[ 4.  4.  4.  4.  0.  0.  0.  0.  0.  0.  0.  0.  0.  0.]
[ 4.  4.  4.  4.  0.  0.  0.  0.  0.  0.  0.  0.  0.  0.]
[ 4.  4.  4.  4.  0.  0.  0.  0.  0.  0.  0.  0.  0.  0.]
[ 4.  4.  4.  4.  0.  0.  0.  0.  0.  0.  0.  0.  0.  0.]
[ 2.  2.  2.  0.  0.  0.  0.  0.  0.  0.  0.  0.  0.  0.]
[ 4.  4.  4.  0.  0.  0.  0.  0.  0.  0.  0.  0.  0.  0.]
[ 3.  3.  3.  3.  3.  0.  0.  0.  0.  0.  0.  0.  0.  0.]
[ 2.  2.  2.  0.  0.  0.  0.  0.  0.  0.  0.  0.  0.  0.]
[ 5.  5.  5.  5.  5.  5.  5.  0.  0.  0.  0.  0.  0.  0.]
[ 6.  6.  6.  6.  6.  0.  0.  0.  0.  0.  0.  0.  0.  0.]
[ 2.  2.  2.  1.  1.  0.  0.  0.  0.  0.  0.  0.  0.  0.]
[ 4.  4.  4.  4.  0.  0.  0.  0.  0.  0.  0.  0.  0.  0.]
[ 4.  4.  0.  0.  0.  0.  0.  0.  0.  0.  0.  0.  0.  0.]
[ 5.  5.  5.  5.  5.  5.  5.  5.  0.  0.  0.  0.  0.  0.]
[ 2.  2.  2.  0.  0.  0.  0.  0.  0.  0.  0.  0.  0.  0.]
[ 5.  5.  5.  5.  5.  5.  5.  0.  0.  0.  0.  0.  0.  0.]
[ 3.  3.  3.  3.  0.  0.  0.  0.  0.  0.  0.  0.  0.  0.]
[ 5.  5.  5.  5.  5.  5.  5.  0.  0.  0.  0.  0.  0.  0.]
[ 5.  5.  5.  5.  5.  0.  0.  0.  0.  0.  0.  0.  0.  0.]
[ 4.  4.  4.  4.  0.  0.  0.  0.  0.  0.  0.  0.  0.  0.]
[ 4.  4.  4.  4.  0.  0.  0.  0.  0.  0.  0.  0.  0.  0.]
[ 6.  6.  6.  6.  6.  6.  0.  0.  0.  0.  0.  0.  0.  0.]
[ 6.  6.  6.  6.  6.  0.  0.  0.  0.  0.  0.  0.  0.  0.]
[ 4.  4.  4.  4.  4.  0.  0.  0.  0.  0.  0.  0.  0.  0.]
[ 5.  5.  5.  5.  5.  0.  0.  0.  0.  0.  0.  0.  0.  0.]
[ 6.  6.  6.  6.  6.  0.  0.  0.  0.  0.  0.  0.  0.  0.]
[ 6.  6.  6.  6.  6.  6.  0.  0.  0.  0.  0.  0.  0.  0.]
[ 6.  6.  6.  6.  6.  0.  0.  0.  0.  0.  0.  0.  0.  0.]
[ 5.  5.  5.  5.  5.  5.  5.  0.  0.  0.  0.  0.  0.  0.]
[ 3.  3.  3.  3.  3.  3.  0.  0.  0.  0.  0.  0.  0.  0.]
[ 4.  4.  4.  4.  0.  0.  0.  0.  0.  0.  0.  0.  0.  0.]
[ 1.  1.  0.  0.  0.  0.  0.  0.  0.  0.  0.  0.  0.  0.]
[ 2.  2.  2.  2.  1.  1.  1.  1.  0.  0.  0.  0.  0.  0.]
[ 4.  4.  4.  4.  4.  4.  0.  0.  0.  0.  0.  0.  0.  0.]
[ 3.  3.  3.  3.  3.  0.  0.  0.  0.  0.  0.  0.  0.  0.]
[ 2.  2.  2.  0.  0.  0.  0.  0.  0.  0.  0.  0.  0.  0.]
[ 6.  6.  6.  6.  6.  6.  0.  0.  0.  0.  0.  0.  0.  0.]
[ 3.  3.  3.  3.  3.  0.  0.  0.  0.  0.  0.  0.  0.  0.]
[ 6.  6.  6.  6.  6.  6.  0.  0.  0.  0.  0.  0.  0.  0.]
[ 2.  2.  2.  0.  0.  0.  0.  0.  0.  0.  0.  0.  0.  0.]
[ 3.  3.  3.  3.  3.  0.  0.  0.  0.  0.  0.  0.  0.  0.]
[ 4.  4.  4.  4.  4.  4.  0.  0.  0.  0.  0.  0.  0.  0.]
[ 2.  2.  0.  0.  0.  0.  0.  0.  0.  0.  0.  0.  0.  0.]
[ 4.  4.  4.  4.  0.  0.  0.  0.  0.  0.  0.  0.  0.  0.]
[ 6.  6.  6.  6.  6.  0.  0.  0.  0.  0.  0.  0.  0.  0.]
[ 6.  6.  6.  6.  6.  0.  0.  0.  0.  0.  0.  0.  0.  0.]
[ 6.  6.  6.  6.  6.  0.  0.  0.  0.  0.  0.  0.  0.  0.]
[ 3.  3.  3.  3.  3.  0.  0.  0.  0.  0.  0.  0.  0.  0.]
[ 4.  4.  4.  4.  0.  0.  0.  0.  0.  0.  0.  0.  0.  0.]
[ 2.  2.  2.  1.  1.  1.  0.  0.  0.  0.  0.  0.  0.  0.]
[ 4.  0.  0.  0.  0.  0.  0.  0.  0.  0.  0.  0.  0.  0.]
[ 6.  6.  6.  6.  6.  6.  0.  0.  0.  0.  0.  0.  0.  0.]
[ 5.  5.  5.  5.  5.  0.  0.  0.  0.  0.  0.  0.  0.  0.]
[ 6.  6.  6.  6.  0.  0.  0.  0.  0.  0.  0.  0.  0.  0.]
[ 6.  6.  6.  6.  6.  6.  0.  0.  0.  0.  0.  0.  0.  0.]
[ 3.  3.  3.  3.  3.  3.  0.  0.  0.  0.  0.  0.  0.  0.]
[ 5.  5.  5.  5.  5.  5.  5.  0.  0.  0.  0.  0.  0.  0.]
[ 2.  2.  2.  0.  0.  0.  0.  0.  0.  0.  0.  0.  0.  0.]
[ 6.  6.  6.  6.  6.  6.  0.  0.  0.  0.  0.  0.  0.  0.]
[ 6.  6.  6.  6.  6.  6.  0.  0.  0.  0.  0.  0.  0.  0.]
[ 6.  6.  6.  6.  6.  0.  0.  0.  0.  0.  0.  0.  0.  0.]
[ 1.  1.  1.  0.  0.  0.  0.  0.  0.  0.  0.  0.  0.  0.]
[ 5.  5.  5.  5.  5.  5.  0.  0.  0.  0.  0.  0.  0.  0.]
[ 6.  6.  6.  6.  6.  0.  0.  0.  0.  0.  0.  0.  0.  0.]
[ 6.  6.  6.  6.  6.  0.  0.  0.  0.  0.  0.  0.  0.  0.]
[ 4.  4.  4.  4.  0.  0.  0.  0.  0.  0.  0.  0.  0.  0.]
[ 6.  6.  6.  6.  0.  0.  0.  0.  0.  0.  0.  0.  0.  0.]
[ 6.  6.  6.  6.  6.  6.  0.  0.  0.  0.  0.  0.  0.  0.]
[ 6.  6.  6.  6.  6.  0.  0.  0.  0.  0.  0.  0.  0.  0.]
[ 6.  6.  6.  6.  6.  0.  0.  0.  0.  0.  0.  0.  0.  0.]
[ 2.  2.  1.  1.  0.  0.  0.  0.  0.  0.  0.  0.  0.  0.]
[ 5.  5.  5.  5.  5.  5.  5.  5.  0.  0.  0.  0.  0.  0.]
[ 5.  5.  5.  5.  5.  0.  0.  0.  0.  0.  0.  0.  0.  0.]
[ 6.  6.  6.  6.  6.  0.  0.  0.  0.  0.  0.  0.  0.  0.]
[ 4.  4.  4.  0.  0.  0.  0.  0.  0.  0.  0.  0.  0.  0.]
[ 4.  4.  4.  4.  0.  0.  0.  0.  0.  0.  0.  0.  0.  0.]
[ 4.  4.  4.  4.  4.  4.  0.  0.  0.  0.  0.  0.  0.  0.]
[ 6.  6.  6.  6.  0.  0.  0.  0.  0.  0.  0.  0.  0.  0.]
[ 6.  6.  6.  6.  6.  0.  0.  0.  0.  0.  0.  0.  0.  0.]
[ 3.  3.  3.  3.  3.  0.  0.  0.  0.  0.  0.  0.  0.  0.]
[ 2.  2.  2.  0.  0.  0.  0.  0.  0.  0.  0.  0.  0.  0.]
[ 4.  4.  4.  4.  0.  0.  0.  0.  0.  0.  0.  0.  0.  0.]
[ 2.  2.  2.  1.  1.  1.  1.  0.  0.  0.  0.  0.  0.  0.]
[ 2.  2.  2.  0.  0.  0.  0.  0.  0.  0.  0.  0.  0.  0.]
[ 6.  6.  6.  6.  0.  0.  0.  0.  0.  0.  0.  0.  0.  0.]
[ 3.  3.  3.  3.  3.  0.  0.  0.  0.  0.  0.  0.  0.  0.]
[ 4.  4.  4.  4.  4.  4.  0.  0.  0.  0.  0.  0.  0.  0.]
[ 3.  3.  3.  3.  3.  0.  0.  0.  0.  0.  0.  0.  0.  0.]
[ 6.  6.  6.  6.  6.  0.  0.  0.  0.  0.  0.  0.  0.  0.]
[ 2.  2.  2.  0.  0.  0.  0.  0.  0.  0.  0.  0.  0.  0.]
[ 5.  5.  5.  5.  5.  0.  0.  0.  0.  0.  0.  0.  0.  0.]
[ 6.  6.  6.  6.  6.  0.  0.  0.  0.  0.  0.  0.  0.  0.]
[ 1.  1.  1.  1.  1.  1.  1.  1.  0.  0.  0.  0.  0.  0.]
[ 6.  6.  6.  6.  0.  0.  0.  0.  0.  0.  0.  0.  0.  0.]
[ 2.  2.  2.  0.  0.  0.  0.  0.  0.  0.  0.  0.  0.  0.]
[ 2.  2.  0.  0.  0.  0.  0.  0.  0.  0.  0.  0.  0.  0.]
[ 2.  2.  2.  0.  0.  0.  0.  0.  0.  0.  0.  0.  0.  0.]
[ 4.  4.  4.  4.  0.  0.  0.  0.  0.  0.  0.  0.  0.  0.]
[ 5.  5.  5.  5.  5.  0.  0.  0.  0.  0.  0.  0.  0.  0.]
[ 1.  1.  1.  1.  1.  1.  0.  0.  0.  0.  0.  0.  0.  0.]
[ 2.  2.  2.  0.  0.  0.  0.  0.  0.  0.  0.  0.  0.  0.]
[ 4.  4.  4.  4.  0.  0.  0.  0.  0.  0.  0.  0.  0.  0.]
[ 2.  2.  2.  1.  1.  1.  1.  0.  0.  0.  0.  0.  0.  0.]
[ 4.  4.  4.  4.  0.  0.  0.  0.  0.  0.  0.  0.  0.  0.]
[ 6.  6.  6.  6.  6.  0.  0.  0.  0.  0.  0.  0.  0.  0.]
[ 4.  4.  4.  4.  0.  0.  0.  0.  0.  0.  0.  0.  0.  0.]
[ 4.  4.  4.  4.  0.  0.  0.  0.  0.  0.  0.  0.  0.  0.]
[ 6.  6.  6.  6.  6.  6.  0.  0.  0.  0.  0.  0.  0.  0.]
[ 5.  5.  5.  5.  5.  5.  5.  0.  0.  0.  0.  0.  0.  0.]
[ 5.  5.  5.  5.  5.  5.  5.  5.  0.  0.  0.  0.  0.  0.]
[ 2.  2.  1.  1.  1.  1.  0.  0.  0.  0.  0.  0.  0.  0.]
[ 4.  4.  4.  4.  0.  0.  0.  0.  0.  0.  0.  0.  0.  0.]
[ 5.  5.  5.  5.  5.  0.  0.  0.  0.  0.  0.  0.  0.  0.]
[ 3.  3.  3.  3.  3.  0.  0.  0.  0.  0.  0.  0.  0.  0.]
[ 6.  6.  6.  6.  6.  0.  0.  0.  0.  0.  0.  0.  0.  0.]
[ 5.  5.  5.  5.  5.  0.  0.  0.  0.  0.  0.  0.  0.  0.]
[ 4.  4.  4.  4.  0.  0.  0.  0.  0.  0.  0.  0.  0.  0.]
[ 2.  1.  1.  0.  0.  0.  0.  0.  0.  0.  0.  0.  0.  0.]
[ 5.  5.  5.  5.  5.  5.  5.  0.  0.  0.  0.  0.  0.  0.]
[ 1.  1.  1.  1.  1.  1.  0.  0.  0.  0.  0.  0.  0.  0.]
[ 1.  1.  1.  0.  0.  0.  0.  0.  0.  0.  0.  0.  0.  0.]
[ 2.  2.  2.  0.  0.  0.  0.  0.  0.  0.  0.  0.  0.  0.]
[ 4.  4.  0.  0.  0.  0.  0.  0.  0.  0.  0.  0.  0.  0.]
[ 4.  4.  4.  4.  0.  0.  0.  0.  0.  0.  0.  0.  0.  0.]
[ 6.  6.  6.  6.  6.  0.  0.  0.  0.  0.  0.  0.  0.  0.]
[ 3.  3.  3.  3.  3.  0.  0.  0.  0.  0.  0.  0.  0.  0.]
[ 1.  1.  1.  1.  0.  0.  0.  0.  0.  0.  0.  0.  0.  0.]
[ 5.  5.  5.  5.  5.  5.  5.  0.  0.  0.  0.  0.  0.  0.]
[ 6.  6.  6.  6.  6.  0.  0.  0.  0.  0.  0.  0.  0.  0.]
[ 2.  2.  2.  2.  0.  0.  0.  0.  0.  0.  0.  0.  0.  0.]
[ 1.  1.  1.  1.  1.  0.  0.  0.  0.  0.  0.  0.  0.  0.]
[ 2.  2.  1.  1.  1.  1.  1.  0.  0.  0.  0.  0.  0.  0.]
[ 5.  5.  5.  5.  5.  5.  5.  0.  0.  0.  0.  0.  0.  0.]
[ 5.  5.  5.  5.  5.  0.  0.  0.  0.  0.  0.  0.  0.  0.]
[ 4.  4.  4.  4.  0.  0.  0.  0.  0.  0.  0.  0.  0.  0.]
[ 6.  6.  6.  6.  6.  6.  0.  0.  0.  0.  0.  0.  0.  0.]
[ 6.  6.  6.  6.  6.  6.  0.  0.  0.  0.  0.  0.  0.  0.]
[ 4.  4.  4.  4.  0.  0.  0.  0.  0.  0.  0.  0.  0.  0.]
[ 1.  1.  1.  1.  1.  1.  0.  0.  0.  0.  0.  0.  0.  0.]
[ 1.  1.  1.  1.  1.  1.  1.  1.  1.  1.  1.  1.  1.  0.]
[ 6.  6.  6.  6.  6.  6.  0.  0.  0.  0.  0.  0.  0.  0.]
[ 6.  6.  6.  6.  6.  0.  0.  0.  0.  0.  0.  0.  0.  0.]
[ 1.  1.  1.  0.  0.  0.  0.  0.  0.  0.  0.  0.  0.  0.]
[ 4.  4.  4.  4.  0.  0.  0.  0.  0.  0.  0.  0.  0.  0.]
[ 2.  2.  2.  1.  1.  1.  1.  0.  0.  0.  0.  0.  0.  0.]
[ 3.  3.  3.  3.  0.  0.  0.  0.  0.  0.  0.  0.  0.  0.]
[ 5.  5.  5.  5.  5.  5.  0.  0.  0.  0.  0.  0.  0.  0.]
[ 1.  1.  1.  1.  0.  0.  0.  0.  0.  0.  0.  0.  0.  0.]
[ 4.  4.  4.  4.  0.  0.  0.  0.  0.  0.  0.  0.  0.  0.]
[ 6.  6.  6.  6.  0.  0.  0.  0.  0.  0.  0.  0.  0.  0.]
[ 5.  5.  5.  5.  5.  0.  0.  0.  0.  0.  0.  0.  0.  0.]
[ 2.  2.  2.  0.  0.  0.  0.  0.  0.  0.  0.  0.  0.  0.]
[ 6.  6.  6.  6.  6.  0.  0.  0.  0.  0.  0.  0.  0.  0.]
[ 4.  4.  4.  4.  4.  4.  0.  0.  0.  0.  0.  0.  0.  0.]
[ 4.  4.  0.  0.  0.  0.  0.  0.  0.  0.  0.  0.  0.  0.]
[ 6.  6.  6.  6.  6.  6.  0.  0.  0.  0.  0.  0.  0.  0.]
[ 1.  1.  1.  0.  0.  0.  0.  0.  0.  0.  0.  0.  0.  0.]
[ 2.  2.  2.  0.  0.  0.  0.  0.  0.  0.  0.  0.  0.  0.]
[ 5.  5.  5.  5.  5.  0.  0.  0.  0.  0.  0.  0.  0.  0.]
[ 2.  2.  0.  0.  0.  0.  0.  0.  0.  0.  0.  0.  0.  0.]
[ 6.  6.  6.  6.  6.  6.  4.  4.  0.  0.  0.  0.  0.  0.]
[ 6.  6.  6.  6.  6.  6.  4.  4.  0.  0.  0.  0.  0.  0.]
[ 3.  3.  3.  3.  3.  0.  0.  0.  0.  0.  0.  0.  0.  0.]
[ 4.  4.  4.  4.  4.  4.  0.  0.  0.  0.  0.  0.  0.  0.]
[ 6.  6.  6.  6.  6.  0.  0.  0.  0.  0.  0.  0.  0.  0.]
[ 4.  4.  4.  4.  0.  0.  0.  0.  0.  0.  0.  0.  0.  0.]
[ 2.  2.  2.  2.  0.  0.  0.  0.  0.  0.  0.  0.  0.  0.]
[ 1.  1.  0.  0.  0.  0.  0.  0.  0.  0.  0.  0.  0.  0.]
[ 1.  0.  0.  0.  0.  0.  0.  0.  0.  0.  0.  0.  0.  0.]
[ 5.  5.  5.  5.  5.  5.  5.  0.  0.  0.  0.  0.  0.  0.]
[ 2.  2.  2.  0.  0.  0.  0.  0.  0.  0.  0.  0.  0.  0.]
[ 4.  4.  4.  0.  0.  0.  0.  0.  0.  0.  0.  0.  0.  0.]
[ 2.  2.  2.  0.  0.  0.  0.  0.  0.  0.  0.  0.  0.  0.]
[ 6.  6.  6.  6.  6.  6.  0.  0.  0.  0.  0.  0.  0.  0.]
[ 4.  4.  4.  4.  0.  0.  0.  0.  0.  0.  0.  0.  0.  0.]
[ 6.  6.  6.  6.  0.  0.  0.  0.  0.  0.  0.  0.  0.  0.]
[ 4.  4.  4.  4.  0.  0.  0.  0.  0.  0.  0.  0.  0.  0.]
[ 2.  2.  2.  2.  1.  1.  1.  1.  0.  0.  0.  0.  0.  0.]
[ 2.  2.  2.  0.  0.  0.  0.  0.  0.  0.  0.  0.  0.  0.]
[ 6.  6.  6.  6.  6.  6.  0.  0.  0.  0.  0.  0.  0.  0.]
[ 1.  1.  1.  0.  0.  0.  0.  0.  0.  0.  0.  0.  0.  0.]
[ 6.  6.  6.  6.  6.  6.  0.  0.  0.  0.  0.  0.  0.  0.]
[ 6.  6.  6.  6.  6.  0.  0.  0.  0.  0.  0.  0.  0.  0.]
[ 6.  6.  6.  6.  6.  6.  0.  0.  0.  0.  0.  0.  0.  0.]
[ 6.  6.  6.  6.  0.  0.  0.  0.  0.  0.  0.  0.  0.  0.]
[ 5.  5.  5.  5.  5.  0.  0.  0.  0.  0.  0.  0.  0.  0.]
[ 1.  1.  1.  1.  0.  0.  0.  0.  0.  0.  0.  0.  0.  0.]
[ 4.  4.  4.  4.  0.  0.  0.  0.  0.  0.  0.  0.  0.  0.]
[ 6.  6.  6.  6.  6.  0.  0.  0.  0.  0.  0.  0.  0.  0.]
[ 6.  6.  6.  6.  6.  0.  0.  0.  0.  0.  0.  0.  0.  0.]
[ 4.  4.  4.  4.  0.  0.  0.  0.  0.  0.  0.  0.  0.  0.]
[ 4.  4.  4.  4.  0.  0.  0.  0.  0.  0.  0.  0.  0.  0.]
[ 5.  5.  5.  5.  5.  5.  5.  5.  0.  0.  0.  0.  0.  0.]
[ 4.  4.  4.  4.  4.  4.  0.  0.  0.  0.  0.  0.  0.  0.]
[ 1.  1.  1.  0.  0.  0.  0.  0.  0.  0.  0.  0.  0.  0.]
[ 6.  6.  6.  6.  6.  6.  0.  0.  0.  0.  0.  0.  0.  0.]
[ 5.  5.  5.  5.  5.  5.  5.  0.  0.  0.  0.  0.  0.  0.]
[ 6.  6.  6.  6.  0.  0.  0.  0.  0.  0.  0.  0.  0.  0.]
[ 5.  5.  5.  5.  5.  5.  5.  0.  0.  0.  0.  0.  0.  0.]
[ 5.  5.  5.  5.  5.  5.  5.  5.  0.  0.  0.  0.  0.  0.]
[ 2.  2.  2.  0.  0.  0.  0.  0.  0.  0.  0.  0.  0.  0.]
[ 1.  0.  0.  0.  0.  0.  0.  0.  0.  0.  0.  0.  0.  0.]
[ 2.  2.  2.  0.  0.  0.  0.  0.  0.  0.  0.  0.  0.  0.]
[ 1.  1.  1.  1.  0.  0.  0.  0.  0.  0.  0.  0.  0.  0.]
[ 2.  2.  2.  0.  0.  0.  0.  0.  0.  0.  0.  0.  0.  0.]
[ 4.  4.  4.  4.  0.  0.  0.  0.  0.  0.  0.  0.  0.  0.]
[ 3.  3.  3.  3.  3.  3.  0.  0.  0.  0.  0.  0.  0.  0.]
[ 6.  6.  6.  6.  0.  0.  0.  0.  0.  0.  0.  0.  0.  0.]
[ 2.  2.  2.  2.  1.  1.  0.  0.  0.  0.  0.  0.  0.  0.]
[ 4.  4.  4.  4.  4.  4.  0.  0.  0.  0.  0.  0.  0.  0.]
[ 4.  4.  4.  4.  0.  0.  0.  0.  0.  0.  0.  0.  0.  0.]
[ 2.  2.  1.  1.  0.  0.  0.  0.  0.  0.  0.  0.  0.  0.]
[ 2.  2.  2.  0.  0.  0.  0.  0.  0.  0.  0.  0.  0.  0.]
[ 2.  2.  2.  0.  0.  0.  0.  0.  0.  0.  0.  0.  0.  0.]
[ 2.  2.  2.  0.  0.  0.  0.  0.  0.  0.  0.  0.  0.  0.]
[ 6.  6.  6.  6.  6.  6.  0.  0.  0.  0.  0.  0.  0.  0.]
[ 4.  4.  4.  4.  0.  0.  0.  0.  0.  0.  0.  0.  0.  0.]
[ 2.  2.  2.  0.  0.  0.  0.  0.  0.  0.  0.  0.  0.  0.]
[ 6.  6.  6.  6.  0.  0.  0.  0.  0.  0.  0.  0.  0.  0.]
[ 5.  5.  5.  5.  0.  0.  0.  0.  0.  0.  0.  0.  0.  0.]
[ 4.  4.  4.  4.  0.  0.  0.  0.  0.  0.  0.  0.  0.  0.]
[ 1.  1.  1.  1.  0.  0.  0.  0.  0.  0.  0.  0.  0.  0.]
[ 2.  2.  2.  1.  1.  1.  1.  0.  0.  0.  0.  0.  0.  0.]
[ 6.  6.  6.  6.  6.  6.  0.  0.  0.  0.  0.  0.  0.  0.]
[ 6.  6.  6.  6.  6.  6.  0.  0.  0.  0.  0.  0.  0.  0.]
[ 6.  6.  6.  6.  6.  6.  0.  0.  0.  0.  0.  0.  0.  0.]
[ 2.  2.  1.  1.  1.  1.  1.  0.  0.  0.  0.  0.  0.  0.]
[ 3.  3.  3.  3.  3.  0.  0.  0.  0.  0.  0.  0.  0.  0.]
[ 1.  1.  1.  1.  1.  1.  0.  0.  0.  0.  0.  0.  0.  0.]
[ 4.  4.  4.  4.  0.  0.  0.  0.  0.  0.  0.  0.  0.  0.]
[ 5.  5.  5.  5.  5.  5.  5.  0.  0.  0.  0.  0.  0.  0.]
[ 4.  4.  4.  4.  0.  0.  0.  0.  0.  0.  0.  0.  0.  0.]
[ 2.  2.  2.  1.  1.  0.  0.  0.  0.  0.  0.  0.  0.  0.]
[ 5.  5.  5.  5.  5.  5.  5.  0.  0.  0.  0.  0.  0.  0.]
[ 4.  4.  0.  0.  0.  0.  0.  0.  0.  0.  0.  0.  0.  0.]
[ 4.  4.  4.  4.  0.  0.  0.  0.  0.  0.  0.  0.  0.  0.]
[ 2.  2.  2.  0.  0.  0.  0.  0.  0.  0.  0.  0.  0.  0.]
[ 4.  4.  4.  0.  0.  0.  0.  0.  0.  0.  0.  0.  0.  0.]
[ 2.  2.  1.  1.  1.  0.  0.  0.  0.  0.  0.  0.  0.  0.]
[ 4.  4.  4.  4.  0.  0.  0.  0.  0.  0.  0.  0.  0.  0.]
[ 6.  6.  6.  6.  6.  6.  0.  0.  0.  0.  0.  0.  0.  0.]
[ 4.  4.  4.  4.  0.  0.  0.  0.  0.  0.  0.  0.  0.  0.]
[ 6.  6.  6.  6.  6.  0.  0.  0.  0.  0.  0.  0.  0.  0.]
[ 3.  3.  3.  3.  3.  0.  0.  0.  0.  0.  0.  0.  0.  0.]
[ 6.  6.  6.  6.  0.  0.  0.  0.  0.  0.  0.  0.  0.  0.]
[ 3.  3.  3.  3.  3.  0.  0.  0.  0.  0.  0.  0.  0.  0.]
[ 3.  3.  3.  3.  3.  0.  0.  0.  0.  0.  0.  0.  0.  0.]
[ 6.  6.  6.  6.  6.  0.  0.  0.  0.  0.  0.  0.  0.  0.]
[ 6.  6.  6.  6.  6.  0.  0.  0.  0.  0.  0.  0.  0.  0.]
[ 3.  3.  3.  3.  3.  0.  0.  0.  0.  0.  0.  0.  0.  0.]
[ 6.  6.  6.  6.  6.  0.  0.  0.  0.  0.  0.  0.  0.  0.]
[ 5.  5.  5.  5.  5.  0.  0.  0.  0.  0.  0.  0.  0.  0.]
[ 5.  5.  5.  5.  5.  5.  5.  5.  0.  0.  0.  0.  0.  0.]
[ 4.  4.  0.  0.  0.  0.  0.  0.  0.  0.  0.  0.  0.  0.]
[ 3.  3.  3.  3.  3.  0.  0.  0.  0.  0.  0.  0.  0.  0.]
[ 6.  6.  6.  6.  6.  6.  0.  0.  0.  0.  0.  0.  0.  0.]
[ 6.  6.  6.  6.  6.  0.  0.  0.  0.  0.  0.  0.  0.  0.]
[ 2.  2.  2.  0.  0.  0.  0.  0.  0.  0.  0.  0.  0.  0.]
[ 5.  5.  5.  5.  5.  0.  0.  0.  0.  0.  0.  0.  0.  0.]
[ 3.  3.  3.  3.  3.  0.  0.  0.  0.  0.  0.  0.  0.  0.]
[ 1.  1.  1.  1.  0.  0.  0.  0.  0.  0.  0.  0.  0.  0.]
[ 3.  3.  3.  3.  3.  0.  0.  0.  0.  0.  0.  0.  0.  0.]
[ 5.  5.  5.  5.  5.  5.  5.  5.  0.  0.  0.  0.  0.  0.]
[ 4.  4.  4.  4.  0.  0.  0.  0.  0.  0.  0.  0.  0.  0.]
[ 6.  6.  6.  6.  6.  0.  0.  0.  0.  0.  0.  0.  0.  0.]
[ 2.  2.  2.  0.  0.  0.  0.  0.  0.  0.  0.  0.  0.  0.]
[ 6.  6.  6.  6.  6.  6.  0.  0.  0.  0.  0.  0.  0.  0.]
[ 2.  2.  2.  1.  1.  1.  1.  0.  0.  0.  0.  0.  0.  0.]
[ 1.  1.  1.  1.  0.  0.  0.  0.  0.  0.  0.  0.  0.  0.]
[ 4.  4.  4.  4.  0.  0.  0.  0.  0.  0.  0.  0.  0.  0.]
[ 5.  5.  5.  5.  5.  5.  0.  0.  0.  0.  0.  0.  0.  0.]
[ 6.  6.  6.  6.  6.  0.  0.  0.  0.  0.  0.  0.  0.  0.]
[ 1.  1.  1.  1.  1.  1.  0.  0.  0.  0.  0.  0.  0.  0.]
[ 4.  4.  4.  4.  0.  0.  0.  0.  0.  0.  0.  0.  0.  0.]
[ 4.  4.  4.  4.  0.  0.  0.  0.  0.  0.  0.  0.  0.  0.]
[ 5.  5.  5.  5.  5.  5.  5.  0.  0.  0.  0.  0.  0.  0.]
[ 2.  2.  2.  1.  1.  0.  0.  0.  0.  0.  0.  0.  0.  0.]
[ 6.  6.  6.  6.  6.  6.  0.  0.  0.  0.  0.  0.  0.  0.]
[ 3.  3.  3.  3.  0.  0.  0.  0.  0.  0.  0.  0.  0.  0.]
[ 6.  6.  6.  6.  6.  6.  0.  0.  0.  0.  0.  0.  0.  0.]
[ 5.  5.  5.  5.  5.  0.  0.  0.  0.  0.  0.  0.  0.  0.]
[ 2.  1.  1.  0.  0.  0.  0.  0.  0.  0.  0.  0.  0.  0.]
[ 6.  6.  6.  6.  6.  0.  0.  0.  0.  0.  0.  0.  0.  0.]
[ 6.  6.  6.  6.  6.  6.  0.  0.  0.  0.  0.  0.  0.  0.]
[ 5.  5.  5.  5.  5.  0.  0.  0.  0.  0.  0.  0.  0.  0.]
[ 6.  6.  6.  6.  6.  6.  0.  0.  0.  0.  0.  0.  0.  0.]
[ 6.  6.  6.  6.  0.  0.  0.  0.  0.  0.  0.  0.  0.  0.]
[ 2.  2.  2.  0.  0.  0.  0.  0.  0.  0.  0.  0.  0.  0.]
[ 6.  6.  6.  6.  6.  6.  0.  0.  0.  0.  0.  0.  0.  0.]
[ 6.  6.  6.  6.  6.  4.  4.  0.  0.  0.  0.  0.  0.  0.]
[ 5.  5.  5.  5.  5.  0.  0.  0.  0.  0.  0.  0.  0.  0.]
[ 6.  6.  6.  6.  6.  0.  0.  0.  0.  0.  0.  0.  0.  0.]
[ 6.  6.  6.  6.  0.  0.  0.  0.  0.  0.  0.  0.  0.  0.]
[ 6.  6.  6.  6.  6.  0.  0.  0.  0.  0.  0.  0.  0.  0.]
[ 6.  6.  6.  6.  6.  6.  0.  0.  0.  0.  0.  0.  0.  0.]
[ 6.  6.  6.  6.  6.  0.  0.  0.  0.  0.  0.  0.  0.  0.]
[ 2.  2.  2.  0.  0.  0.  0.  0.  0.  0.  0.  0.  0.  0.]
[ 6.  6.  6.  6.  0.  0.  0.  0.  0.  0.  0.  0.  0.  0.]
[ 6.  6.  6.  6.  6.  0.  0.  0.  0.  0.  0.  0.  0.  0.]
[ 5.  5.  5.  5.  5.  5.  0.  0.  0.  0.  0.  0.  0.  0.]
[ 2.  2.  2.  1.  1.  1.  1.  0.  0.  0.  0.  0.  0.  0.]
[ 6.  6.  6.  6.  6.  0.  0.  0.  0.  0.  0.  0.  0.  0.]
[ 6.  6.  6.  6.  6.  0.  0.  0.  0.  0.  0.  0.  0.  0.]
[ 5.  5.  5.  5.  5.  0.  0.  0.  0.  0.  0.  0.  0.  0.]
[ 5.  5.  5.  5.  5.  5.  5.  5.  0.  0.  0.  0.  0.  0.]
[ 5.  5.  5.  5.  5.  0.  0.  0.  0.  0.  0.  0.  0.  0.]
[ 5.  5.  5.  5.  5.  5.  5.  0.  0.  0.  0.  0.  0.  0.]
[ 6.  6.  6.  6.  6.  0.  0.  0.  0.  0.  0.  0.  0.  0.]
[ 2.  2.  2.  0.  0.  0.  0.  0.  0.  0.  0.  0.  0.  0.]
[ 1.  1.  1.  1.  0.  0.  0.  0.  0.  0.  0.  0.  0.  0.]
[ 4.  4.  4.  4.  0.  0.  0.  0.  0.  0.  0.  0.  0.  0.]
[ 3.  3.  3.  3.  0.  0.  0.  0.  0.  0.  0.  0.  0.  0.]
[ 5.  5.  5.  5.  5.  0.  0.  0.  0.  0.  0.  0.  0.  0.]
[ 4.  4.  4.  4.  0.  0.  0.  0.  0.  0.  0.  0.  0.  0.]
[ 6.  6.  6.  6.  6.  0.  0.  0.  0.  0.  0.  0.  0.  0.]
[ 4.  4.  4.  4.  0.  0.  0.  0.  0.  0.  0.  0.  0.  0.]
[ 4.  4.  4.  4.  0.  0.  0.  0.  0.  0.  0.  0.  0.  0.]
[ 5.  5.  5.  5.  5.  5.  5.  0.  0.  0.  0.  0.  0.  0.]
[ 3.  3.  3.  3.  3.  3.  0.  0.  0.  0.  0.  0.  0.  0.]
[ 3.  3.  3.  3.  3.  0.  0.  0.  0.  0.  0.  0.  0.  0.]
[ 4.  4.  4.  4.  0.  0.  0.  0.  0.  0.  0.  0.  0.  0.]
[ 2.  2.  2.  2.  0.  0.  0.  0.  0.  0.  0.  0.  0.  0.]
[ 5.  5.  5.  5.  5.  0.  0.  0.  0.  0.  0.  0.  0.  0.]
[ 6.  6.  6.  6.  6.  0.  0.  0.  0.  0.  0.  0.  0.  0.]
[ 1.  1.  1.  0.  0.  0.  0.  0.  0.  0.  0.  0.  0.  0.]
[ 2.  2.  2.  2.  2.  0.  0.  0.  0.  0.  0.  0.  0.  0.]
[ 6.  6.  6.  6.  6.  6.  0.  0.  0.  0.  0.  0.  0.  0.]
[ 2.  2.  2.  0.  0.  0.  0.  0.  0.  0.  0.  0.  0.  0.]
[ 2.  2.  2.  0.  0.  0.  0.  0.  0.  0.  0.  0.  0.  0.]
[ 5.  5.  5.  5.  5.  0.  0.  0.  0.  0.  0.  0.  0.  0.]
[ 4.  4.  4.  4.  0.  0.  0.  0.  0.  0.  0.  0.  0.  0.]
[ 2.  2.  2.  1.  1.  1.  1.  0.  0.  0.  0.  0.  0.  0.]
[ 2.  2.  2.  0.  0.  0.  0.  0.  0.  0.  0.  0.  0.  0.]
[ 4.  4.  0.  0.  0.  0.  0.  0.  0.  0.  0.  0.  0.  0.]
[ 5.  5.  5.  5.  5.  5.  0.  0.  0.  0.  0.  0.  0.  0.]
[ 6.  6.  6.  6.  0.  0.  0.  0.  0.  0.  0.  0.  0.  0.]
[ 4.  4.  4.  0.  0.  0.  0.  0.  0.  0.  0.  0.  0.  0.]
[ 6.  6.  6.  6.  6.  6.  0.  0.  0.  0.  0.  0.  0.  0.]
[ 4.  4.  0.  0.  0.  0.  0.  0.  0.  0.  0.  0.  0.  0.]
[ 6.  6.  6.  6.  6.  6.  0.  0.  0.  0.  0.  0.  0.  0.]
[ 5.  5.  5.  5.  5.  5.  5.  0.  0.  0.  0.  0.  0.  0.]
[ 6.  6.  6.  6.  6.  0.  0.  0.  0.  0.  0.  0.  0.  0.]
[ 6.  6.  6.  6.  0.  0.  0.  0.  0.  0.  0.  0.  0.  0.]
[ 5.  5.  5.  5.  5.  5.  5.  5.  0.  0.  0.  0.  0.  0.]
[ 1.  1.  1.  1.  1.  1.  0.  0.  0.  0.  0.  0.  0.  0.]
[ 3.  3.  3.  3.  3.  3.  0.  0.  0.  0.  0.  0.  0.  0.]
[ 2.  2.  2.  0.  0.  0.  0.  0.  0.  0.  0.  0.  0.  0.]
[ 5.  5.  5.  5.  5.  5.  5.  5.  0.  0.  0.  0.  0.  0.]
[ 3.  3.  3.  3.  3.  0.  0.  0.  0.  0.  0.  0.  0.  0.]
[ 4.  4.  4.  4.  0.  0.  0.  0.  0.  0.  0.  0.  0.  0.]
[ 2.  2.  1.  1.  1.  0.  0.  0.  0.  0.  0.  0.  0.  0.]
[ 2.  2.  2.  0.  0.  0.  0.  0.  0.  0.  0.  0.  0.  0.]
[ 4.  4.  4.  4.  0.  0.  0.  0.  0.  0.  0.  0.  0.  0.]
[ 6.  6.  6.  6.  6.  0.  0.  0.  0.  0.  0.  0.  0.  0.]
[ 4.  4.  4.  4.  0.  0.  0.  0.  0.  0.  0.  0.  0.  0.]
[ 4.  4.  4.  4.  0.  0.  0.  0.  0.  0.  0.  0.  0.  0.]
[ 1.  1.  1.  1.  1.  1.  0.  0.  0.  0.  0.  0.  0.  0.]
[ 6.  6.  6.  6.  6.  4.  4.  0.  0.  0.  0.  0.  0.  0.]
[ 5.  5.  5.  5.  5.  0.  0.  0.  0.  0.  0.  0.  0.  0.]
[ 5.  5.  5.  5.  5.  0.  0.  0.  0.  0.  0.  0.  0.  0.]
[ 6.  6.  6.  6.  6.  0.  0.  0.  0.  0.  0.  0.  0.  0.]
[ 6.  6.  6.  6.  6.  6.  0.  0.  0.  0.  0.  0.  0.  0.]
[ 5.  5.  5.  5.  5.  0.  0.  0.  0.  0.  0.  0.  0.  0.]
[ 5.  5.  5.  5.  5.  5.  0.  0.  0.  0.  0.  0.  0.  0.]
[ 5.  5.  5.  5.  5.  0.  0.  0.  0.  0.  0.  0.  0.  0.]
[ 5.  5.  5.  5.  5.  5.  5.  5.  0.  0.  0.  0.  0.  0.]
[ 1.  1.  1.  0.  0.  0.  0.  0.  0.  0.  0.  0.  0.  0.]
[ 4.  4.  4.  4.  4.  4.  0.  0.  0.  0.  0.  0.  0.  0.]
[ 5.  5.  5.  5.  5.  5.  5.  5.  0.  0.  0.  0.  0.  0.]
[ 3.  3.  3.  3.  3.  3.  0.  0.  0.  0.  0.  0.  0.  0.]
[ 6.  6.  6.  6.  6.  6.  0.  0.  0.  0.  0.  0.  0.  0.]
[ 3.  3.  3.  0.  0.  0.  0.  0.  0.  0.  0.  0.  0.  0.]
[ 5.  5.  5.  5.  5.  5.  5.  5.  0.  0.  0.  0.  0.  0.]
[ 6.  6.  6.  6.  6.  6.  0.  0.  0.  0.  0.  0.  0.  0.]
[ 2.  2.  2.  1.  1.  1.  0.  0.  0.  0.  0.  0.  0.  0.]
[ 2.  2.  2.  0.  0.  0.  0.  0.  0.  0.  0.  0.  0.  0.]
[ 4.  4.  4.  4.  0.  0.  0.  0.  0.  0.  0.  0.  0.  0.]
[ 3.  3.  3.  3.  3.  3.  0.  0.  0.  0.  0.  0.  0.  0.]
[ 1.  1.  1.  1.  1.  0.  0.  0.  0.  0.  0.  0.  0.  0.]
[ 4.  4.  0.  0.  0.  0.  0.  0.  0.  0.  0.  0.  0.  0.]
[ 2.  2.  2.  0.  0.  0.  0.  0.  0.  0.  0.  0.  0.  0.]
[ 6.  6.  6.  6.  6.  6.  0.  0.  0.  0.  0.  0.  0.  0.]
[ 3.  3.  3.  3.  3.  3.  0.  0.  0.  0.  0.  0.  0.  0.]
[ 4.  4.  4.  4.  0.  0.  0.  0.  0.  0.  0.  0.  0.  0.]
[ 1.  1.  1.  1.  1.  1.  1.  1.  1.  0.  0.  0.  0.  0.]
[ 6.  6.  6.  6.  6.  0.  0.  0.  0.  0.  0.  0.  0.  0.]
[ 2.  2.  2.  1.  1.  1.  1.  0.  0.  0.  0.  0.  0.  0.]
[ 2.  2.  2.  2.  0.  0.  0.  0.  0.  0.  0.  0.  0.  0.]
[ 6.  6.  6.  6.  6.  0.  0.  0.  0.  0.  0.  0.  0.  0.]
[ 2.  2.  2.  1.  1.  1.  0.  0.  0.  0.  0.  0.  0.  0.]
[ 4.  4.  4.  4.  0.  0.  0.  0.  0.  0.  0.  0.  0.  0.]
[ 1.  1.  1.  1.  0.  0.  0.  0.  0.  0.  0.  0.  0.  0.]
[ 6.  6.  6.  6.  6.  6.  0.  0.  0.  0.  0.  0.  0.  0.]
[ 2.  2.  2.  0.  0.  0.  0.  0.  0.  0.  0.  0.  0.  0.]
[ 1.  1.  0.  0.  0.  0.  0.  0.  0.  0.  0.  0.  0.  0.]
[ 2.  2.  2.  1.  1.  1.  1.  0.  0.  0.  0.  0.  0.  0.]
[ 6.  6.  6.  6.  6.  0.  0.  0.  0.  0.  0.  0.  0.  0.]
[ 2.  2.  2.  0.  0.  0.  0.  0.  0.  0.  0.  0.  0.  0.]
[ 3.  3.  3.  3.  3.  0.  0.  0.  0.  0.  0.  0.  0.  0.]
[ 5.  5.  5.  5.  5.  0.  0.  0.  0.  0.  0.  0.  0.  0.]
[ 6.  6.  6.  6.  0.  0.  0.  0.  0.  0.  0.  0.  0.  0.]
[ 5.  5.  5.  5.  5.  0.  0.  0.  0.  0.  0.  0.  0.  0.]
[ 6.  6.  6.  6.  6.  0.  0.  0.  0.  0.  0.  0.  0.  0.]
[ 2.  2.  2.  0.  0.  0.  0.  0.  0.  0.  0.  0.  0.  0.]
[ 4.  4.  4.  4.  0.  0.  0.  0.  0.  0.  0.  0.  0.  0.]
[ 3.  3.  3.  3.  3.  0.  0.  0.  0.  0.  0.  0.  0.  0.]
[ 2.  2.  2.  1.  1.  1.  1.  0.  0.  0.  0.  0.  0.  0.]
[ 2.  2.  2.  1.  1.  1.  0.  0.  0.  0.  0.  0.  0.  0.]
[ 2.  2.  2.  1.  1.  1.  0.  0.  0.  0.  0.  0.  0.  0.]
[ 4.  4.  4.  4.  0.  0.  0.  0.  0.  0.  0.  0.  0.  0.]
[ 1.  1.  0.  0.  0.  0.  0.  0.  0.  0.  0.  0.  0.  0.]
[ 2.  2.  2.  0.  0.  0.  0.  0.  0.  0.  0.  0.  0.  0.]
[ 4.  4.  4.  4.  0.  0.  0.  0.  0.  0.  0.  0.  0.  0.]
[ 5.  5.  5.  5.  5.  0.  0.  0.  0.  0.  0.  0.  0.  0.]
[ 2.  2.  2.  2.  2.  1.  0.  0.  0.  0.  0.  0.  0.  0.]
[ 1.  1.  1.  1.  0.  0.  0.  0.  0.  0.  0.  0.  0.  0.]
[ 4.  4.  4.  4.  0.  0.  0.  0.  0.  0.  0.  0.  0.  0.]
[ 4.  4.  4.  4.  0.  0.  0.  0.  0.  0.  0.  0.  0.  0.]
[ 1.  1.  1.  0.  0.  0.  0.  0.  0.  0.  0.  0.  0.  0.]
[ 4.  4.  4.  0.  0.  0.  0.  0.  0.  0.  0.  0.  0.  0.]
[ 4.  4.  4.  4.  0.  0.  0.  0.  0.  0.  0.  0.  0.  0.]
[ 3.  3.  3.  3.  3.  0.  0.  0.  0.  0.  0.  0.  0.  0.]
[ 6.  6.  6.  6.  6.  6.  0.  0.  0.  0.  0.  0.  0.  0.]
[ 4.  4.  4.  4.  0.  0.  0.  0.  0.  0.  0.  0.  0.  0.]
[ 2.  2.  2.  0.  0.  0.  0.  0.  0.  0.  0.  0.  0.  0.]
[ 4.  4.  4.  4.  0.  0.  0.  0.  0.  0.  0.  0.  0.  0.]
[ 4.  4.  4.  4.  0.  0.  0.  0.  0.  0.  0.  0.  0.  0.]
[ 1.  1.  1.  0.  0.  0.  0.  0.  0.  0.  0.  0.  0.  0.]
[ 2.  2.  2.  0.  0.  0.  0.  0.  0.  0.  0.  0.  0.  0.]
[ 6.  6.  6.  6.  6.  6.  0.  0.  0.  0.  0.  0.  0.  0.]
[ 6.  6.  6.  6.  6.  6.  0.  0.  0.  0.  0.  0.  0.  0.]
[ 2.  2.  0.  0.  0.  0.  0.  0.  0.  0.  0.  0.  0.  0.]
[ 5.  5.  5.  5.  5.  5.  5.  0.  0.  0.  0.  0.  0.  0.]
[ 6.  6.  6.  6.  6.  6.  0.  0.  0.  0.  0.  0.  0.  0.]
[ 5.  5.  5.  5.  5.  5.  5.  0.  0.  0.  0.  0.  0.  0.]
[ 6.  6.  6.  6.  0.  0.  0.  0.  0.  0.  0.  0.  0.  0.]
[ 5.  5.  5.  5.  5.  5.  0.  0.  0.  0.  0.  0.  0.  0.]
[ 1.  1.  0.  0.  0.  0.  0.  0.  0.  0.  0.  0.  0.  0.]
[ 6.  6.  6.  6.  6.  0.  0.  0.  0.  0.  0.  0.  0.  0.]
[ 1.  0.  0.  0.  0.  0.  0.  0.  0.  0.  0.  0.  0.  0.]
[ 5.  5.  5.  5.  5.  0.  0.  0.  0.  0.  0.  0.  0.  0.]
[ 2.  2.  2.  2.  1.  1.  1.  0.  0.  0.  0.  0.  0.  0.]
[ 6.  6.  6.  6.  6.  0.  0.  0.  0.  0.  0.  0.  0.  0.]
[ 6.  6.  6.  6.  6.  6.  0.  0.  0.  0.  0.  0.  0.  0.]
[ 6.  6.  6.  6.  6.  6.  0.  0.  0.  0.  0.  0.  0.  0.]
[ 2.  2.  2.  0.  0.  0.  0.  0.  0.  0.  0.  0.  0.  0.]
[ 6.  6.  6.  6.  6.  6.  0.  0.  0.  0.  0.  0.  0.  0.]
[ 2.  2.  2.  1.  1.  1.  1.  0.  0.  0.  0.  0.  0.  0.]
[ 1.  1.  1.  1.  1.  0.  0.  0.  0.  0.  0.  0.  0.  0.]
[ 2.  2.  1.  1.  1.  0.  0.  0.  0.  0.  0.  0.  0.  0.]
[ 6.  6.  6.  6.  6.  6.  0.  0.  0.  0.  0.  0.  0.  0.]
[ 5.  5.  5.  5.  5.  0.  0.  0.  0.  0.  0.  0.  0.  0.]
[ 3.  3.  3.  0.  0.  0.  0.  0.  0.  0.  0.  0.  0.  0.]
[ 2.  2.  2.  2.  0.  0.  0.  0.  0.  0.  0.  0.  0.  0.]
[ 5.  5.  5.  5.  5.  0.  0.  0.  0.  0.  0.  0.  0.  0.]
[ 5.  5.  5.  5.  5.  0.  0.  0.  0.  0.  0.  0.  0.  0.]
[ 2.  2.  2.  0.  0.  0.  0.  0.  0.  0.  0.  0.  0.  0.]
[ 2.  2.  2.  2.  0.  0.  0.  0.  0.  0.  0.  0.  0.  0.]
[ 6.  6.  6.  6.  4.  4.  0.  0.  0.  0.  0.  0.  0.  0.]
[ 6.  6.  6.  6.  6.  6.  4.  4.  4.  4.  0.  0.  0.  0.]
[ 1.  1.  1.  1.  1.  1.  0.  0.  0.  0.  0.  0.  0.  0.]
[ 3.  3.  3.  3.  3.  3.  0.  0.  0.  0.  0.  0.  0.  0.]
[ 6.  6.  6.  6.  6.  6.  0.  0.  0.  0.  0.  0.  0.  0.]
[ 6.  6.  6.  6.  6.  0.  0.  0.  0.  0.  0.  0.  0.  0.]
[ 1.  1.  1.  1.  1.  1.  0.  0.  0.  0.  0.  0.  0.  0.]
[ 6.  6.  6.  6.  6.  0.  0.  0.  0.  0.  0.  0.  0.  0.]
[ 6.  6.  6.  6.  6.  6.  0.  0.  0.  0.  0.  0.  0.  0.]
[ 3.  3.  3.  3.  3.  0.  0.  0.  0.  0.  0.  0.  0.  0.]
[ 6.  6.  6.  6.  6.  0.  0.  0.  0.  0.  0.  0.  0.  0.]
[ 3.  3.  3.  3.  3.  0.  0.  0.  0.  0.  0.  0.  0.  0.]
[ 3.  3.  3.  3.  3.  0.  0.  0.  0.  0.  0.  0.  0.  0.]
[ 4.  4.  4.  4.  0.  0.  0.  0.  0.  0.  0.  0.  0.  0.]
[ 6.  6.  6.  6.  6.  0.  0.  0.  0.  0.  0.  0.  0.  0.]
[ 6.  6.  6.  6.  6.  6.  0.  0.  0.  0.  0.  0.  0.  0.]
[ 1.  0.  0.  0.  0.  0.  0.  0.  0.  0.  0.  0.  0.  0.]
[ 6.  6.  6.  6.  6.  6.  0.  0.  0.  0.  0.  0.  0.  0.]
[ 4.  4.  4.  4.  0.  0.  0.  0.  0.  0.  0.  0.  0.  0.]
[ 5.  5.  5.  5.  5.  5.  5.  0.  0.  0.  0.  0.  0.  0.]
[ 6.  6.  6.  6.  0.  0.  0.  0.  0.  0.  0.  0.  0.  0.]
[ 2.  2.  2.  2.  1.  1.  1.  1.  0.  0.  0.  0.  0.  0.]
[ 4.  4.  4.  4.  0.  0.  0.  0.  0.  0.  0.  0.  0.  0.]
[ 6.  6.  6.  6.  0.  0.  0.  0.  0.  0.  0.  0.  0.  0.]
[ 5.  5.  5.  5.  5.  5.  5.  0.  0.  0.  0.  0.  0.  0.]
[ 4.  4.  4.  4.  0.  0.  0.  0.  0.  0.  0.  0.  0.  0.]
[ 4.  4.  4.  4.  0.  0.  0.  0.  0.  0.  0.  0.  0.  0.]
[ 5.  5.  5.  5.  5.  0.  0.  0.  0.  0.  0.  0.  0.  0.]
[ 5.  5.  5.  5.  5.  5.  0.  0.  0.  0.  0.  0.  0.  0.]
[ 3.  3.  3.  3.  3.  0.  0.  0.  0.  0.  0.  0.  0.  0.]
[ 6.  6.  6.  6.  6.  6.  0.  0.  0.  0.  0.  0.  0.  0.]
[ 5.  5.  5.  5.  5.  0.  0.  0.  0.  0.  0.  0.  0.  0.]
[ 2.  2.  2.  0.  0.  0.  0.  0.  0.  0.  0.  0.  0.  0.]
[ 5.  5.  5.  5.  5.  5.  5.  5.  0.  0.  0.  0.  0.  0.]
[ 2.  2.  0.  0.  0.  0.  0.  0.  0.  0.  0.  0.  0.  0.]
[ 2.  2.  2.  0.  0.  0.  0.  0.  0.  0.  0.  0.  0.  0.]
[ 1.  1.  0.  0.  0.  0.  0.  0.  0.  0.  0.  0.  0.  0.]
[ 1.  1.  1.  1.  1.  1.  1.  0.  0.  0.  0.  0.  0.  0.]
[ 6.  6.  6.  6.  6.  0.  0.  0.  0.  0.  0.  0.  0.  0.]
[ 4.  4.  4.  4.  0.  0.  0.  0.  0.  0.  0.  0.  0.  0.]
[ 4.  4.  4.  4.  0.  0.  0.  0.  0.  0.  0.  0.  0.  0.]
[ 6.  6.  6.  6.  6.  0.  0.  0.  0.  0.  0.  0.  0.  0.]
[ 3.  3.  3.  3.  3.  3.  0.  0.  0.  0.  0.  0.  0.  0.]
[ 4.  4.  4.  4.  0.  0.  0.  0.  0.  0.  0.  0.  0.  0.]
[ 6.  6.  6.  6.  6.  6.  0.  0.  0.  0.  0.  0.  0.  0.]
[ 2.  2.  2.  0.  0.  0.  0.  0.  0.  0.  0.  0.  0.  0.]
[ 4.  4.  4.  4.  0.  0.  0.  0.  0.  0.  0.  0.  0.  0.]
[ 2.  2.  2.  0.  0.  0.  0.  0.  0.  0.  0.  0.  0.  0.]
[ 6.  6.  6.  6.  6.  0.  0.  0.  0.  0.  0.  0.  0.  0.]
[ 1.  1.  0.  0.  0.  0.  0.  0.  0.  0.  0.  0.  0.  0.]
[ 6.  6.  6.  6.  6.  6.  0.  0.  0.  0.  0.  0.  0.  0.]
[ 4.  4.  4.  4.  0.  0.  0.  0.  0.  0.  0.  0.  0.  0.]
[ 2.  2.  2.  0.  0.  0.  0.  0.  0.  0.  0.  0.  0.  0.]
[ 6.  6.  6.  6.  6.  6.  0.  0.  0.  0.  0.  0.  0.  0.]
[ 2.  2.  2.  0.  0.  0.  0.  0.  0.  0.  0.  0.  0.  0.]
[ 3.  3.  3.  3.  0.  0.  0.  0.  0.  0.  0.  0.  0.  0.]
[ 5.  5.  5.  5.  5.  5.  0.  0.  0.  0.  0.  0.  0.  0.]
[ 1.  1.  1.  0.  0.  0.  0.  0.  0.  0.  0.  0.  0.  0.]
[ 6.  6.  6.  6.  0.  0.  0.  0.  0.  0.  0.  0.  0.  0.]
[ 6.  6.  6.  6.  6.  6.  0.  0.  0.  0.  0.  0.  0.  0.]
[ 6.  6.  6.  6.  6.  0.  0.  0.  0.  0.  0.  0.  0.  0.]
[ 4.  4.  0.  0.  0.  0.  0.  0.  0.  0.  0.  0.  0.  0.]
[ 5.  5.  5.  5.  5.  0.  0.  0.  0.  0.  0.  0.  0.  0.]
[ 4.  4.  4.  4.  0.  0.  0.  0.  0.  0.  0.  0.  0.  0.]
[ 3.  3.  3.  3.  3.  0.  0.  0.  0.  0.  0.  0.  0.  0.]
[ 4.  4.  4.  4.  0.  0.  0.  0.  0.  0.  0.  0.  0.  0.]
[ 6.  6.  6.  6.  0.  0.  0.  0.  0.  0.  0.  0.  0.  0.]
[ 2.  2.  1.  1.  0.  0.  0.  0.  0.  0.  0.  0.  0.  0.]
[ 1.  1.  1.  1.  1.  1.  0.  0.  0.  0.  0.  0.  0.  0.]
[ 1.  1.  1.  1.  1.  1.  0.  0.  0.  0.  0.  0.  0.  0.]
[ 5.  5.  5.  5.  5.  5.  0.  0.  0.  0.  0.  0.  0.  0.]
[ 1.  1.  0.  0.  0.  0.  0.  0.  0.  0.  0.  0.  0.  0.]
[ 4.  4.  4.  4.  0.  0.  0.  0.  0.  0.  0.  0.  0.  0.]
[ 3.  3.  3.  3.  3.  3.  0.  0.  0.  0.  0.  0.  0.  0.]
[ 4.  4.  4.  4.  0.  0.  0.  0.  0.  0.  0.  0.  0.  0.]
[ 5.  5.  5.  5.  5.  5.  5.  0.  0.  0.  0.  0.  0.  0.]
[ 3.  3.  3.  3.  3.  3.  0.  0.  0.  0.  0.  0.  0.  0.]
[ 3.  3.  3.  3.  3.  3.  0.  0.  0.  0.  0.  0.  0.  0.]
[ 6.  6.  6.  6.  6.  6.  0.  0.  0.  0.  0.  0.  0.  0.]
[ 5.  5.  5.  5.  5.  0.  0.  0.  0.  0.  0.  0.  0.  0.]
[ 4.  4.  4.  4.  0.  0.  0.  0.  0.  0.  0.  0.  0.  0.]
[ 2.  2.  2.  0.  0.  0.  0.  0.  0.  0.  0.  0.  0.  0.]
[ 3.  3.  3.  3.  3.  3.  0.  0.  0.  0.  0.  0.  0.  0.]
[ 6.  6.  6.  6.  6.  0.  0.  0.  0.  0.  0.  0.  0.  0.]
[ 2.  2.  2.  0.  0.  0.  0.  0.  0.  0.  0.  0.  0.  0.]
[ 6.  6.  6.  6.  6.  0.  0.  0.  0.  0.  0.  0.  0.  0.]
[ 2.  2.  2.  0.  0.  0.  0.  0.  0.  0.  0.  0.  0.  0.]
[ 5.  5.  5.  5.  5.  5.  5.  5.  0.  0.  0.  0.  0.  0.]
[ 2.  2.  1.  1.  1.  1.  1.  0.  0.  0.  0.  0.  0.  0.]
[ 3.  3.  3.  3.  3.  3.  0.  0.  0.  0.  0.  0.  0.  0.]
[ 6.  6.  6.  6.  6.  6.  0.  0.  0.  0.  0.  0.  0.  0.]
[ 2.  2.  2.  0.  0.  0.  0.  0.  0.  0.  0.  0.  0.  0.]
[ 6.  6.  6.  6.  0.  0.  0.  0.  0.  0.  0.  0.  0.  0.]
[ 4.  4.  4.  4.  0.  0.  0.  0.  0.  0.  0.  0.  0.  0.]
[ 5.  5.  5.  5.  5.  5.  5.  0.  0.  0.  0.  0.  0.  0.]
[ 2.  2.  2.  0.  0.  0.  0.  0.  0.  0.  0.  0.  0.  0.]
[ 4.  4.  4.  4.  0.  0.  0.  0.  0.  0.  0.  0.  0.  0.]
[ 4.  4.  4.  4.  4.  4.  0.  0.  0.  0.  0.  0.  0.  0.]
[ 1.  1.  1.  0.  0.  0.  0.  0.  0.  0.  0.  0.  0.  0.]
[ 6.  6.  6.  6.  6.  0.  0.  0.  0.  0.  0.  0.  0.  0.]
[ 5.  5.  5.  5.  5.  5.  5.  5.  0.  0.  0.  0.  0.  0.]
[ 2.  2.  2.  0.  0.  0.  0.  0.  0.  0.  0.  0.  0.  0.]
[ 6.  6.  6.  6.  0.  0.  0.  0.  0.  0.  0.  0.  0.  0.]
[ 1.  1.  1.  0.  0.  0.  0.  0.  0.  0.  0.  0.  0.  0.]
[ 1.  1.  1.  1.  0.  0.  0.  0.  0.  0.  0.  0.  0.  0.]
[ 6.  6.  6.  6.  0.  0.  0.  0.  0.  0.  0.  0.  0.  0.]
[ 6.  6.  6.  6.  6.  0.  0.  0.  0.  0.  0.  0.  0.  0.]
[ 1.  1.  1.  0.  0.  0.  0.  0.  0.  0.  0.  0.  0.  0.]
[ 5.  5.  5.  5.  5.  0.  0.  0.  0.  0.  0.  0.  0.  0.]
[ 6.  6.  6.  6.  6.  6.  0.  0.  0.  0.  0.  0.  0.  0.]
[ 6.  6.  6.  6.  0.  0.  0.  0.  0.  0.  0.  0.  0.  0.]
[ 4.  4.  4.  4.  0.  0.  0.  0.  0.  0.  0.  0.  0.  0.]
[ 2.  2.  2.  2.  1.  1.  1.  1.  0.  0.  0.  0.  0.  0.]
[ 4.  4.  4.  0.  0.  0.  0.  0.  0.  0.  0.  0.  0.  0.]
[ 6.  6.  6.  6.  6.  6.  0.  0.  0.  0.  0.  0.  0.  0.]
[ 6.  6.  6.  6.  6.  4.  4.  0.  0.  0.  0.  0.  0.  0.]
[ 2.  2.  2.  0.  0.  0.  0.  0.  0.  0.  0.  0.  0.  0.]
[ 5.  5.  5.  5.  5.  5.  5.  0.  0.  0.  0.  0.  0.  0.]
[ 6.  6.  6.  6.  0.  0.  0.  0.  0.  0.  0.  0.  0.  0.]
[ 1.  1.  0.  0.  0.  0.  0.  0.  0.  0.  0.  0.  0.  0.]
[ 4.  4.  4.  4.  4.  4.  0.  0.  0.  0.  0.  0.  0.  0.]
[ 6.  6.  6.  6.  6.  0.  0.  0.  0.  0.  0.  0.  0.  0.]
[ 5.  5.  5.  5.  5.  0.  0.  0.  0.  0.  0.  0.  0.  0.]
[ 6.  6.  6.  6.  6.  0.  0.  0.  0.  0.  0.  0.  0.  0.]
[ 2.  2.  2.  0.  0.  0.  0.  0.  0.  0.  0.  0.  0.  0.]
[ 4.  4.  4.  4.  0.  0.  0.  0.  0.  0.  0.  0.  0.  0.]
[ 5.  5.  5.  5.  5.  0.  0.  0.  0.  0.  0.  0.  0.  0.]
[ 5.  5.  5.  5.  5.  5.  5.  5.  0.  0.  0.  0.  0.  0.]
[ 2.  2.  2.  2.  2.  1.  0.  0.  0.  0.  0.  0.  0.  0.]
[ 3.  3.  3.  3.  3.  3.  0.  0.  0.  0.  0.  0.  0.  0.]
[ 4.  4.  0.  0.  0.  0.  0.  0.  0.  0.  0.  0.  0.  0.]
[ 6.  6.  6.  6.  6.  6.  0.  0.  0.  0.  0.  0.  0.  0.]
[ 5.  5.  5.  5.  5.  5.  5.  0.  0.  0.  0.  0.  0.  0.]
[ 6.  6.  6.  6.  6.  6.  0.  0.  0.  0.  0.  0.  0.  0.]
[ 6.  6.  6.  6.  0.  0.  0.  0.  0.  0.  0.  0.  0.  0.]
[ 6.  6.  6.  6.  6.  6.  0.  0.  0.  0.  0.  0.  0.  0.]
[ 5.  5.  5.  5.  5.  0.  0.  0.  0.  0.  0.  0.  0.  0.]
[ 2.  2.  2.  2.  0.  0.  0.  0.  0.  0.  0.  0.  0.  0.]
[ 1.  1.  1.  1.  1.  0.  0.  0.  0.  0.  0.  0.  0.  0.]
[ 4.  4.  4.  4.  0.  0.  0.  0.  0.  0.  0.  0.  0.  0.]
[ 4.  4.  4.  4.  0.  0.  0.  0.  0.  0.  0.  0.  0.  0.]
[ 5.  5.  5.  5.  5.  0.  0.  0.  0.  0.  0.  0.  0.  0.]
[ 2.  2.  2.  0.  0.  0.  0.  0.  0.  0.  0.  0.  0.  0.]
[ 6.  6.  6.  6.  6.  0.  0.  0.  0.  0.  0.  0.  0.  0.]
[ 1.  1.  1.  0.  0.  0.  0.  0.  0.  0.  0.  0.  0.  0.]
[ 5.  5.  5.  5.  5.  5.  5.  0.  0.  0.  0.  0.  0.  0.]
[ 6.  6.  6.  6.  6.  0.  0.  0.  0.  0.  0.  0.  0.  0.]
[ 4.  4.  4.  0.  0.  0.  0.  0.  0.  0.  0.  0.  0.  0.]
[ 2.  2.  2.  2.  0.  0.  0.  0.  0.  0.  0.  0.  0.  0.]
[ 2.  2.  2.  0.  0.  0.  0.  0.  0.  0.  0.  0.  0.  0.]
[ 5.  5.  5.  5.  5.  0.  0.  0.  0.  0.  0.  0.  0.  0.]
[ 5.  5.  5.  5.  5.  0.  0.  0.  0.  0.  0.  0.  0.  0.]
[ 2.  2.  2.  0.  0.  0.  0.  0.  0.  0.  0.  0.  0.  0.]
[ 5.  5.  5.  5.  5.  5.  5.  5.  0.  0.  0.  0.  0.  0.]
[ 5.  5.  5.  5.  5.  0.  0.  0.  0.  0.  0.  0.  0.  0.]
[ 1.  1.  1.  0.  0.  0.  0.  0.  0.  0.  0.  0.  0.  0.]
[ 6.  6.  6.  6.  6.  6.  0.  0.  0.  0.  0.  0.  0.  0.]
[ 5.  5.  5.  5.  5.  5.  5.  5.  0.  0.  0.  0.  0.  0.]
[ 4.  4.  4.  4.  4.  4.  0.  0.  0.  0.  0.  0.  0.  0.]
[ 2.  2.  2.  0.  0.  0.  0.  0.  0.  0.  0.  0.  0.  0.]
[ 1.  1.  1.  1.  1.  0.  0.  0.  0.  0.  0.  0.  0.  0.]
[ 4.  4.  4.  4.  0.  0.  0.  0.  0.  0.  0.  0.  0.  0.]
[ 2.  2.  2.  0.  0.  0.  0.  0.  0.  0.  0.  0.  0.  0.]
[ 5.  5.  5.  5.  5.  0.  0.  0.  0.  0.  0.  0.  0.  0.]
[ 5.  5.  5.  5.  5.  5.  0.  0.  0.  0.  0.  0.  0.  0.]
[ 5.  5.  5.  5.  5.  5.  5.  0.  0.  0.  0.  0.  0.  0.]
[ 6.  6.  6.  6.  6.  0.  0.  0.  0.  0.  0.  0.  0.  0.]
[ 6.  6.  6.  6.  6.  6.  0.  0.  0.  0.  0.  0.  0.  0.]
[ 5.  5.  5.  5.  5.  0.  0.  0.  0.  0.  0.  0.  0.  0.]
[ 4.  4.  4.  4.  4.  4.  0.  0.  0.  0.  0.  0.  0.  0.]
[ 5.  5.  5.  5.  5.  0.  0.  0.  0.  0.  0.  0.  0.  0.]
[ 5.  5.  5.  5.  5.  5.  5.  0.  0.  0.  0.  0.  0.  0.]
[ 1.  1.  1.  0.  0.  0.  0.  0.  0.  0.  0.  0.  0.  0.]
[ 5.  5.  5.  5.  5.  5.  0.  0.  0.  0.  0.  0.  0.  0.]
[ 1.  1.  1.  0.  0.  0.  0.  0.  0.  0.  0.  0.  0.  0.]
[ 1.  1.  0.  0.  0.  0.  0.  0.  0.  0.  0.  0.  0.  0.]
[ 6.  6.  6.  6.  6.  6.  0.  0.  0.  0.  0.  0.  0.  0.]
[ 6.  6.  6.  6.  6.  0.  0.  0.  0.  0.  0.  0.  0.  0.]
[ 1.  1.  0.  0.  0.  0.  0.  0.  0.  0.  0.  0.  0.  0.]
[ 3.  3.  3.  3.  3.  0.  0.  0.  0.  0.  0.  0.  0.  0.]
[ 3.  3.  3.  3.  3.  3.  0.  0.  0.  0.  0.  0.  0.  0.]
[ 5.  5.  5.  5.  5.  0.  0.  0.  0.  0.  0.  0.  0.  0.]
[ 1.  1.  0.  0.  0.  0.  0.  0.  0.  0.  0.  0.  0.  0.]
    Test net output #0: accuracy_action = 0.877424

    Test net output #1: accuracy_scene = 0.895118

    Test net output #2: loss_action = 1.49296

    Test net output #3: loss_scene = 1.10517

[ 4.  4.  4.  4.  0.  0.  0.  0.  0.  0.  0.  0.  0.  0.  6.  6.  6.  6.
  0.  0.  0.  0.  0.  0.  0.  0.  0.  0.  2.  2.  2.  2.  2.  2.  2.  0.
  0.  0.  0.  0.  0.  0.  6.  6.  6.  6.  6.  6.  0.  0.  0.  0.  0.  0.
  0.  0.  5.  5.  5.  5.  5.  0.  0.  0.  0.  0.  0.  0.  0.  0.]
[ 4.  4.  4.  0.  0.  0.  0.  0.  0.  0.  0.  0.  0.  0.  3.  3.  3.  3.
  3.  3.  0.  0.  0.  0.  0.  0.  0.  0.  3.  3.  3.  3.  3.  3.  3.  0.
  0.  0.  0.  0.  0.  0.  5.  5.  5.  5.  5.  5.  0.  0.  0.  0.  0.  0.
  0.  0.  5.  5.  5.  5.  5.  0.  0.  0.  0.  0.  0.  0.  0.  0.]
[ 6.  6.  6.  6.  0.  0.  0.  0.  0.  0.  0.  0.  0.  0.  6.  6.  6.  6.
  6.  0.  0.  0.  0.  0.  0.  0.  0.  0.  5.  5.  5.  5.  5.  0.  0.  0.
  0.  0.  0.  0.  0.  0.  6.  6.  6.  6.  6.  6.  0.  0.  0.  0.  0.  0.
  0.  0.  4.  4.  4.  0.  0.  0.  0.  0.  0.  0.  0.  0.  0.  0.]
[ 5.  5.  5.  5.  5.  0.  0.  0.  0.  0.  0.  0.  0.  0.  2.  2.  2.  2.
  0.  0.  0.  0.  0.  0.  0.  0.  0.  0.  5.  5.  5.  5.  5.  0.  0.  0.
  0.  0.  0.  0.  0.  0.  1.  1.  1.  1.  0.  0.  0.  0.  0.  0.  0.  0.
  0.  0.  5.  5.  5.  5.  5.  0.  0.  0.  0.  0.  0.  0.  0.  0.]
[ 2.  2.  2.  2.  2.  2.  0.  0.  0.  0.  0.  0.  0.  0.  3.  3.  3.  3.
  3.  3.  3.  3.  0.  0.  0.  0.  0.  0.  2.  2.  2.  2.  2.  2.  0.  0.
  0.  0.  0.  0.  0.  0.  6.  6.  6.  6.  0.  0.  0.  0.  0.  0.  0.  0.
  0.  0.  2.  2.  2.  2.  2.  2.  2.  0.  0.  0.  0.  0.  0.  0.]
[ 5.  5.  5.  5.  0.  0.  0.  0.  0.  0.  0.  0.  0.  0.  2.  2.  0.  0.
  0.  0.  0.  0.  0.  0.  0.  0.  0.  0.  6.  6.  6.  6.  0.  0.  0.  0.
  0.  0.  0.  0.  0.  0.  6.  6.  6.  6.  0.  0.  0.  0.  0.  0.  0.  0.
  0.  0.  1.  1.  1.  1.  0.  0.  0.  0.  0.  0.  0.  0.  0.  0.]
[ 2.  2.  2.  0.  0.  0.  0.  0.  0.  0.  0.  0.  0.  0.  5.  5.  5.  5.
  5.  0.  0.  0.  0.  0.  0.  0.  0.  0.  2.  2.  2.  2.  0.  0.  0.  0.
  0.  0.  0.  0.  0.  0.  6.  6.  6.  6.  6.  0.  0.  0.  0.  0.  0.  0.
  0.  0.  4.  4.  4.  4.  0.  0.  0.  0.  0.  0.  0.  0.  0.  0.]
