[ 0.04679805]
[ 0.04679784]
[ 0.04679975]
[  1.02221966e-05]
[ 0.01440653]
[ 0.01760498]
[ 0.01647973]
[ 0.02000463]
[ 0.04029104]
[ 0.01766264]
[ 0.01824278]
[ 0.02000532]
[ 0.02049381]
[ 0.01950508]
[ 0.0405167]
[ 0.02133664]
[ 0.0213632]
[ 0.02135664]
[ 0.02164328]
[ 0.03427589]
[ 0.02440137]
[ 0.02126127]
[ 0.]
[ 0.]
[ 0.]
[ 0.]
[ 0.]
[ 0.4813585]
[ 0.00681651]
[ 0.0596092]
[ 0.84293705]
[ 0.07283074]
[ 0.05277866]
[ 0.05404869]
[ 0.72855258]
[ 0.05191761]
[ 0.00088701]
[ 0.00180382]
[ 0.00163066]
[ 0.00198039]
[ 0.00189802]
[  3.76701355e-05]
[ 0.05077961]
[ 0.58470541]
[ 0.05780438]
[ 0.10861099]
[ 0.10861087]
[ 0.12466159]
[ 0.10861844]
[ 0.04073364]
[ 0.01802108]
[ 0.04108301]
[ 0.04180115]
[ 0.03933325]
[ 0.01197061]
[ 0.51228559]
[ 0.27251849]
[ 0.09654361]
[ 0.09654361]
[ 0.09654602]
[ 0.09654483]
[ 0.1461966]
[ 0.14505851]
[ 0.14621103]
[ 0.14256549]
[ 0.0531067]
[ 0.03776038]
[ 0.05200741]
[ 0.05348226]
[ 0.05345693]
[ 0.01329416]
[ 0.36049122]
[ 0.58520842]
[ 0.06216779]
[ 0.06216779]
[ 0.06216779]
[ 0.0621514]
[ 0.06216773]
[ 0.06216276]
[ 0.09478122]
[ 0.09478122]
[ 0.09478122]
[ 0.09478137]
[ 0.09259737]
[ 0.09443066]
[ 0.0621514]
[ 0.06215143]
[ 0.06215143]
[ 0.06215143]
[ 0.06676891]
[ 0.03916952]
[ 0.07519937]
[ 0.06318688]
[ 0.07655916]
[ 0.07751313]
[ 0.07753345]
[ 0.07702541]
[ 0.07740825]
[ 0.07751036]
[ 0.]
[ 0.]
[ 0.]
[ 0.]
[ 0.]
[ 0.]
[ 0.04960987]
[ 0.02640638]
[ 0.04947954]
[ 0.05014142]
[ 0.04985356]
[ 0.0976519]
[ 0.09764507]
[ 0.08506557]
[ 0.10117978]
[ 0.10389006]
[ 0.1105018]
[ 0.03211895]
[ 0.10388976]
[ 0.10222489]
[ 0.15457651]
[ 0.15457568]
[ 0.15449685]
[ 0.15458283]
[ 0.14841673]
[ 0.1265094]
[ 0.14777651]
[ 0.85303771]
[ 0.85208786]
[ 0.07735682]
[ 0.07512483]
[ 0.07528126]
[ 0.07589865]
[ 0.06214872]
[ 0.06214103]
[ 0.06213605]
[ 0.0621492]
[ 0.06214792]
[ 0.0621492]
[ 0.0153113]
[ 0.04349491]
[ 0.04387155]
[ 0.01731187]
[ 0.02318123]
[ 0.03168464]
[ 0.02018264]
[ 0.06193224]
[ 0.06191921]
[ 0.06193218]
[ 0.06023225]
[ 0.06193155]
[ 0.0672946]
[ 0.88509798]
[ 0.06678322]
[ 0.06140113]
[ 0.06140044]
[ 0.00823182]
[ 0.06140098]
[ 0.06118035]
[ 0.00023681]
[ 0.]
[ 0.00138009]
[ 0.0013372]
[ 0.1527541]
[ 0.15325823]
[ 0.15361193]
[ 0.15354019]
[ 0.15361333]
[ 0.15376452]
[ 0.15361178]
[ 0.06537506]
[ 0.07859331]
[ 0.77359986]
[ 0.0658966]
[ 0.12025276]
[ 0.06214982]
[ 0.06214982]
[ 0.06214982]
[ 0.06214982]
[ 0.06213403]
[ 0.06995317]
[ 0.83333576]
[ 0.07354176]
[ 0.06979024]
[ 0.11828375]
[ 0.06948748]
[ 0.08709008]
[ 0.08637071]
[ 0.0863708]
[ 0.0827817]
[ 0.08604616]
[ 0.66851926]
[ 0.75771832]
[ 0.0288274]
[ 0.12273276]
[ 0.12232581]
[ 0.16174644]
[ 0.12237319]
[ 0.04785424]
[ 0.13465381]
[ 0.13569304]
[ 0.02298355]
[ 0.02925205]
[ 0.02123073]
[ 0.0230197]
[ 0.0226925]
[ 0.02300683]
[ 0.02544352]
[ 0.7793656]
[ 0.]
[ 0.]
[ 0.]
[ 0.]
[ 0.]
[ 0.]
[ 0.09302011]
[ 0.09302023]
[ 0.09278157]
[ 0.09295374]
[ 0.14599374]
[ 0.14607441]
[ 0.14928761]
[ 0.39743024]
[ 0.36788839]
[ 0.39604104]
[ 0.14392614]
[ 0.14371717]
[ 0.03668639]
[ 0.13633117]
[ 0.13732168]
[ 0.1362386]
[ 0.13624439]
[ 0.13665375]
[ 0.13636869]
[ 0.12154755]
[ 0.12037611]
[ 0.12170783]
[ 0.10703674]
[ 0.12175721]
[ 0.10536003]
[ 0.10536003]
[ 0.12158459]
[ 0.10533938]
[ 0.]
[ 0.]
[ 0.]
[ 0.]
[ 0.]
[ 0.096488]
[ 0.09648782]
[ 0.09613782]
[ 0.09648991]
[ 0.06162295]
[ 0.06214076]
[ 0.06214079]
[ 0.06214079]
[ 0.06214049]
[ 0.06214079]
[ 0.]
[ 0.00558418]
[ 0.01134765]
[ 0.01117185]
[ 0.01022416]
[ 0.00504285]
[ 0.01008722]
[ 0.09508967]
[ 0.09508955]
[ 0.0912931]
[ 0.0950959]
[ 0.12922221]
[ 0.12914494]
[ 0.12912676]
[ 0.12922215]
[ 0.06214327]
[ 0.06214327]
[ 0.06214327]
[ 0.06214327]
[ 0.06214327]
[ 0.06214327]
[ 0.06379232]
[ 0.03664941]
[ 0.06891155]
[ 0.05202645]
[ 0.06920186]
[ 0.06215066]
[ 0.06215075]
[ 0.06215081]
[ 0.06215081]
[ 0.08721924]
[ 0.08743876]
[ 0.08413795]
[ 0.04691294]
[ 0.08829254]
[ 0.00996903]
[ 0.01717556]
[ 0.00874281]
[ 0.00926641]
[ 0.0182358]
[ 0.01883435]
[ 0.]
[ 0.]
[ 0.]
[ 0.]
[ 0.]
[ 0.]
[ 0.02441534]
[ 0.02457869]
[ 0.04452482]
[ 0.04815656]
[ 0.02396005]
[ 0.06199208]
[ 0.06199205]
[ 0.06199211]
[ 0.06133527]
[ 0.06215024]
[ 0.06214914]
[ 0.06214908]
[ 0.06214938]
[ 0.06214976]
[ 0.06214041]
[ 0.]
[ 0.]
[ 0.]
[ 0.]
[ 0.]
[ 0.]
[ 0.17207274]
[ 0.10684916]
[ 0.18177533]
[ 0.14312363]
[ 0.18180677]
[ 0.09392172]
[ 0.09392172]
[ 0.09392166]
[ 0.09392172]
[ 0.09159082]
[ 0.09359184]
[ 0.09807146]
[ 0.09811294]
[ 0.09806883]
[ 0.13078275]
[ 0.13086182]
[ 0.13085437]
[ 0.13085452]
[ 0.]
[ 0.]
[ 0.]
[ 0.]
[ 0.]
[ 0.]
[ 0.]
[ 0.06221434]
[ 0.80075902]
[ 0.06255361]
[ 0.06215018]
[ 0.06211773]
[ 0.06215018]
[ 0.06212652]
[ 0.06215018]
[ 0.06215018]
[ 0.09431711]
[ 0.09431711]
[ 0.09382498]
[ 0.09432244]
[ 0.14812237]
[ 0.14371899]
[ 0.14517677]
[ 0.13319901]
[ 0.14346302]
[ 0.14346284]
[ 0.0794571]
[ 0.44746211]
[ 0.03152907]
[ 0.64017951]
[ 0.03235435]
[ 0.14487782]
[ 0.14454037]
[ 0.13542947]
[ 0.14332157]
[ 0.14444727]
[ 0.06214771]
[ 0.06213224]
[ 0.06211597]
[ 0.06214771]
[ 0.06214541]
[ 0.0621478]
[ 0.14979991]
[ 0.14982009]
[ 0.15017509]
[ 0.14979833]
[ 0.14976889]
[ 0.07009551]
[ 0.0699504]
[ 0.06686044]
[ 0.05726442]
[ 0.06954849]
[ 0.03011993]
[ 0.01956138]
[ 0.02550745]
[ 0.0193806]
[ 0.03922483]
[ 0.00960976]
[ 0.01750442]
[ 0.06305516]
[ 0.06300938]
[ 0.06300077]
[ 0.07238334]
[ 0.05126622]
[ 0.10248744]
[ 0.10260171]
[ 0.06215134]
[ 0.06215134]
[ 0.06215134]
[ 0.06215134]
[ 0.06215134]
[ 0.06215134]
[ 0.09671196]
[ 0.0967119]
[ 0.09671226]
[ 0.09671262]
[ 0.45208839]
[ 0.09226096]
[ 0.09158695]
[ 0.0922136]
[ 0.09279543]
[ 0.05376622]
[ 0.05544734]
[ 0.05498379]
[ 0.05626041]
[ 0.05534178]
[ 0.1080825]
[ 0.22919878]
[ 0.10856828]
[ 0.15327296]
[ 0.15370262]
[ 0.15384185]
[ 0.1538409]
[ 0.15384156]
[ 0.15384007]
[ 0.15673208]
[ 0.13904557]
[ 0.0621509]
[ 0.06215104]
[ 0.06215125]
[ 0.06215125]
[ 0.06215125]
[ 0.]
[ 0.]
[ 0.]
[ 0.]
[ 0.]
[ 0.]
[ 0.]
[ 0.]
[ 0.]
[ 0.]
[ 0.]
[ 0.]
[ 0.]
[ 0.]
[ 0.]
[ 0.]
[ 0.]
[ 0.]
[ 0.]
[ 0.]
[ 0.]
[ 0.]
[ 0.]
[ 0.]
[ 0.]
[ 0.]
[ 0.]
[ 0.]
[ 0.]
[ 0.11425686]
[ 0.11749774]
[ 0.11902955]
[ 0.11941475]
[ 0.11902514]
[ 0.08547956]
[ 0.08547941]
[ 0.0724712]
[ 0.08547387]
[ 0.09416303]
[ 0.094163]
[ 0.11251411]
[ 0.08510154]
[ 0.06145281]
[ 0.06213388]
[ 0.06213382]
[ 0.06213385]
[ 0.06213388]
[ 0.06213385]
[ 0.0945093]
[ 0.09459287]
[ 0.09459272]
[ 0.0956834]
[ 0.095682]
[ 0.08781761]
[ 0.09566557]
[ 0.04073235]
[ 0.06098431]
[ 0.06102338]
[ 0.06125998]
[ 0.05293912]
[ 0.07622847]
[ 0.06338006]
[ 0.07613003]
[ 0.07582474]
[ 0.07614201]
[ 0.00025681]
[ 0.00026071]
[ 0.00013214]
[ 0.]
[ 0.04597536]
[ 0.02290809]
[ 0.04523352]
[ 0.02289402]
[ 0.00501251]
[ 0.02366036]
[ 0.06215069]
[ 0.06215069]
[ 0.06215066]
[ 0.06215063]
[ 0.06214905]
[ 0.06214854]
[ 0.06214824]
[ 0.0621098]
[ 0.06214845]
[ 0.06214854]
[ 0.04718173]
[ 0.04722038]
[ 0.00171316]
[ 0.04155308]
[ 0.0254434]
[ 0.03851476]
[ 0.0386993]
[ 0.03886551]
[ 0.78130972]
[ 0.11462781]
[ 0.11501461]
[ 0.11576563]
[ 0.10670963]
[ 0.11585712]
[ 0.]
[ 0.]
[ 0.]
[ 0.]
[ 0.10675737]
[ 0.09507579]
[ 0.11588883]
[ 0.11576432]
[ 0.11518258]
[ 0.08125812]
[ 0.08131954]
[ 0.07960531]
[ 0.08131573]
[ 0.0621514]
[ 0.0621514]
[ 0.0621514]
[ 0.0621514]
[ 0.0621514]
[ 0.0621514]
[ 0.0621489]
[ 0.06214517]
[ 0.06214899]
[ 0.06214896]
[ 0.06215155]
[ 0.06215155]
[ 0.06215155]
[ 0.06215155]
[ 0.06215155]
[ 0.06215155]
[ 0.08513427]
[ 0.08513427]
[ 0.07585639]
[ 0.08513379]
[ 0.1390613]
[ 0.15139946]
[ 0.13904786]
[ 0.1390467]
[ 0.13904998]
[ 0.13905349]
[ 0.13952264]
[ 0.13875696]
[ 0.13495925]
[ 0.0621503]
[ 0.0621503]
[ 0.06212908]
[ 0.06215036]
[ 0.06215024]
[ 0.22482374]
[ 0.22351703]
[ 0.22500825]
[ 0.02470732]
[ 0.02742463]
[ 0.01120797]
[ 0.01206067]
[ 0.01366398]
[ 0.02210185]
[ 0.02379054]
[ 0.15303135]
[ 0.]
[ 0.]
[ 0.]
[ 0.]
[ 0.]
[ 0.00039372]
[ 0.01162416]
[ 0.0072144]
[ 0.0081321]
[ 0.01375702]
[ 0.01400447]
[ 0.00868872]
[ 0.0081161]
[ 0.00941223]
[ 0.68752277]
[ 0.06293574]
[ 0.83203435]
[ 0.05664599]
[ 0.02681884]
[ 0.02577859]
[ 0.0169901]
[ 0.03350654]
[ 0.0235576]
[ 0.10115391]
[ 0.09171426]
[ 0.09885272]
[ 0.0901306]
[ 0.22658724]
[ 0.03445786]
[ 0.14805847]
[ 0.13772267]
[ 0.04747599]
[ 0.83136928]
[ 0.05466101]
[ 0.73224109]
[ 0.62975824]
[ 0.03371024]
[ 0.03678945]
[ 0.03678945]
[ 0.03678945]
[ 0.03678945]
[ 0.33241737]
[ 0.43544966]
[ 0.03930709]
[ 0.04153207]
[ 0.0565787]
[ 0.05362895]
[ 0.02777791]
[ 0.05663705]
[ 0.12921318]
[ 0.14040568]
[ 0.12844718]
[ 0.12843925]
[ 0.12843999]
[ 0.12853155]
[ 0.12548137]
[ 0.12843966]
[ 0.1284411]
[ 0.12843919]
[ 0.17480728]
[ 0.00116763]
[ 0.]
[ 0.00161785]
[ 0.00223923]
[ 0.00231498]
[ 0.00147578]
[ 0.00285846]
[ 0.02281648]
[ 0.00211102]
[ 0.02377501]
[ 0.01784641]
[ 0.0201692]
[ 0.06212464]
[ 0.06212357]
[ 0.06182271]
[ 0.06212467]
[ 0.06212434]
[ 0.06212458]
[ 0.07662219]
[ 0.07433683]
[ 0.00440618]
[ 0.07106707]
[ 0.07677737]
[ 0.06678364]
[ 0.03914803]
[ 0.06745788]
[ 0.06631663]
[ 0.06748524]
[ 0.03885281]
[ 0.03567126]
[ 0.04111344]
[ 0.02183011]
[ 0.02059311]
[ 0.00790089]
[ 0.06212777]
[ 0.0621323]
[ 0.06124452]
[ 0.06213322]
[ 0.06212944]
[ 0.06213322]
[ 0.02485514]
[ 0.04972252]
[ 0.04447365]
[ 0.04366073]
[ 0.0243161]
[ 0.04393619]
[ 0.0020234]
[ 0.06215039]
[ 0.06215039]
[ 0.06215033]
[ 0.06215039]
[ 0.06215039]
[ 0.06215039]
[ 0.08621261]
[ 0.08621258]
[ 0.08054852]
[ 0.08621886]
[ 0.06671]
[ 0.06619853]
[ 0.10503536]
[ 0.10503536]
[ 0.11350781]
[ 0.1050334]
[ 0.0881106]
[ 0.0881106]
[ 0.08114901]
[ 0.08811703]
[ 0.02748331]
[ 0.01517728]
[ 0.01614189]
[ 0.01766106]
[  1.94311142e-05]
[ 0.02885002]
[ 0.02260417]
[ 0.06214631]
[ 0.06214598]
[ 0.06214631]
[ 0.06214631]
[ 0.06214631]
[ 0.06214631]
[ 0.09297097]
[ 0.09297103]
[ 0.0839259]
[ 0.09297362]
[ 0.06212407]
[ 0.06055823]
[ 0.06212398]
[ 0.06212401]
[ 0.06212339]
[ 0.06212407]
[ 0.06215048]
[ 0.06215113]
[ 0.06215066]
[ 0.06215101]
[ 0.06215113]
[ 0.15945297]
[ 0.14609015]
[ 0.14822975]
[ 0.14943907]
[ 0.14978534]
[ 0.14875942]
[ 0.06215134]
[ 0.06215134]
[ 0.06215134]
[ 0.06215131]
[ 0.06215134]
[ 0.06215134]
[ 0.08593637]
[ 0.08593714]
[ 0.09133366]
[ 0.08569515]
[ 0.01299503]
[ 0.12468642]
[ 0.05725718]
[ 0.06443805]
[ 0.06669146]
[ 0.00436807]
[ 0.00857511]
[ 0.00448462]
[ 0.00638112]
[ 0.00935912]
[ 0.00884342]
[ 0.06214416]
[ 0.06214288]
[ 0.06209412]
[ 0.06212714]
[ 0.06214413]
[ 0.00388342]
[ 0.00388122]
[ 0.00769526]
[ 0.00785148]
[ 0.00702497]
[ 0.]
[ 0.00786993]
[ 0.8350445]
[ 0.75515985]
[ 0.06750071]
[ 0.06510711]
[ 0.06750631]
[ 0.09240302]
[ 0.30786783]
[ 0.35280603]
[ 0.28445899]
[ 0.02046627]
[ 0.040039]
[ 0.02223796]
[ 0.03207746]
[ 0.04418436]
[ 0.04247883]
[ 0.0959551]
[ 0.0959551]
[ 0.09595507]
[ 0.09595481]
[ 0.09434226]
[ 0.09585398]
[ 0.06212309]
[ 0.06213629]
[ 0.06213632]
[ 0.06147614]
[ 0.06213531]
[ 0.06865233]
[ 0.8915869]
[ 0.0688183]
[ 0.05541974]
[ 0.05547765]
[ 0.05531731]
[ 0.05575299]
[ 0.05552655]
[ 0.]
[ 0.]
[ 0.]
[ 0.]
[ 0.]
[ 0.01614052]
[ 0.02512395]
[ 0.01782537]
[ 0.019209]
[ 0.01572675]
[ 0.01552409]
[ 0.07666662]
[ 0.84752834]
[ 0.73179042]
[ 0.07640377]
[ 0.07638472]
[ 0.08748493]
[ 0.0763846]
[ 0.01155394]
[ 0.01155391]
[ 0.01155394]
[ 0.01155394]
[ 0.01155394]
[ 0.01155394]
[ 0.00143841]
[ 0.]
[ 0.06214455]
[ 0.06214455]
[ 0.06214455]
[ 0.06214455]
[ 0.06214455]
[ 0.10207951]
[ 0.10207951]
[ 0.12783515]
[ 0.09999079]
[ 0.03277996]
[ 0.01964375]
[ 0.02034864]
[ 0.02023107]
[ 0.01402572]
[ 0.02040491]
[ 0.0876618]
[ 0.08766171]
[ 0.08287355]
[ 0.08148837]
[ 0.12026942]
[ 0.12161559]
[ 0.09428042]
[ 0.0942803]
[ 0.09403297]
[ 0.09428662]
[ 0.06210509]
[ 0.06214428]
[ 0.06214431]
[ 0.06214428]
[ 0.06214431]
[ 0.06214428]
[ 0.01021138]
[ 0.47810945]
[ 0.47817919]
[ 0.04187608]
[ 0.09429497]
[ 0.81910664]
[ 0.]
[ 0.]
[ 0.]
[ 0.]
[ 0.]
[ 0.]
[ 0.10553941]
[ 0.10553196]
[ 0.12567282]
[ 0.10536122]
[ 0.12054589]
[ 0.12018541]
[ 0.11820167]
[ 0.11835292]
[ 0.13343242]
[ 0.08904558]
[ 0.08904558]
[ 0.08904561]
[ 0.08904561]
[ 0.07246995]
[ 0.0889993]
[ 0.12934297]
[ 0.02793428]
[ 0.0138405]
[ 0.01771063]
[ 0.01517424]
[ 0.0007906]
[ 0.0137341]
[ 0.75614703]
[ 0.49221626]
[ 0.02931574]
[ 0.06843549]
[ 0.89760101]
[ 0.06756005]
[ 0.04476264]
[ 0.0615412]
[ 0.06154126]
[ 0.06154132]
[ 0.06212133]
[ 0.06211811]
[ 0.06211466]
[ 0.06212091]
[ 0.06206492]
[ 0.0610522]
[ 0.06215125]
[ 0.06214941]
[ 0.06215131]
[ 0.06215125]
[ 0.06215131]
[ 0.06215125]
[ 0.06215134]
[ 0.06215134]
[ 0.06215134]
[ 0.06215134]
[ 0.06215134]
[ 0.06215134]
[ 0.0556235]
[ 0.05626979]
[ 0.02770203]
[ 0.05530185]
[ 0.07723361]
[ 0.03151608]
[ 0.18677607]
[ 0.04306847]
[ 0.06038928]
[ 0.1183891]
[ 0.08502966]
[ 0.09447217]
[ 0.]
[ 0.]
[ 0.]
[ 0.]
[ 0.]
[ 0.]
[ 0.68976802]
[ 0.6984446]
[ 0.03241903]
[ 0.02788565]
[ 0.09601068]
[ 0.09601068]
[ 0.09601068]
[ 0.09601068]
[ 0.09422588]
[ 0.09591702]
[ 0.13741484]
[ 0.13721442]
[ 0.1372295]
[ 0.1375652]
[ 0.13722062]
[ 0.06215116]
[ 0.06215113]
[ 0.06215078]
[ 0.06215101]
[ 0.06215116]
[ 0.06215116]
[ 0.10078934]
[ 0.24105653]
[ 0.23998141]
[ 0.]
[ 0.]
[ 0.]
[ 0.]
[ 0.]
[ 0.]
[ 0.07724202]
[ 0.07022011]
[ 0.79015899]
[ 0.07406265]
[ 0.]
[ 0.]
[ 0.]
[ 0.]
[ 0.07654214]
[ 0.07653448]
[ 0.02259648]
[ 0.07104376]
[ 0.06212077]
[ 0.06111464]
[ 0.06212717]
[ 0.06209981]
[ 0.06207389]
[ 0.15155199]
[ 0.07568586]
[ 0.06215113]
[ 0.09245312]
[ 0.09245312]
[ 0.09245318]
[ 0.09245321]
[ 0.08567849]
[ 0.09242862]
[ 0.08444527]
[ 0.08444524]
[ 0.07540518]
[ 0.08445072]
[ 0.10660577]
[ 0.10660532]
[ 0.12709367]
[ 0.10658145]
[ 0.06105059]
[ 0.06105059]
[ 0.06105021]
[ 0.06104466]
[ 0.05736363]
[ 0.02565753]
[ 0.05417693]
[ 0.05241573]
[ 0.02721703]
[ 0.05407631]
[ 0.00858358]
[ 0.]
[ 0.]
[ 0.]
[ 0.]
[ 0.]
[ 0.]
[ 0.]
[ 0.]
[ 0.]
[ 0.]
[ 0.]
[ 0.06212625]
[ 0.06214511]
[ 0.06214505]
[ 0.06214482]
[ 0.06214511]
[ 0.06214511]
[ 0.09751868]
[ 0.]
[ 0.]
[ 0.]
[ 0.]
[ 0.]
[ 0.]
[ 0.10260278]
[ 0.10260275]
[ 0.12583625]
[ 0.10108423]
[ 0.06154335]
[ 0.05663967]
[ 0.0616667]
[ 0.04861706]
[ 0.06165195]
[ 0.0598897]
[ 0.06164175]
[ 0.0616914]
[ 0.0616914]
[ 0.06169128]
[ 0.21644679]
[ 0.70249367]
[ 0.02949846]
[ 0.07239318]
[ 0.0714516]
[ 0.06876832]
[ 0.07258064]
[ 0.06857327]
[ 0.0933964]
[ 0.0933964]
[ 0.09339646]
[ 0.09339634]
[ 0.08869165]
[ 0.09332192]
[ 0.1220859]
[ 0.10980645]
[ 0.12199122]
[ 0.08357716]
[ 0.12283269]
[ 0.01859871]
[ 0.00740147]
[ 0.01696756]
[ 0.01642764]
[ 0.03403103]
[ 0.02024674]
[ 0.06067932]
[ 0.06404376]
[ 0.06055936]
[ 0.4774588]
[ 0.06011394]
[ 0.02109355]
[ 0.04019487]
[ 0.02055085]
[ 0.03828412]
[ 0.03019616]
[ 0.02128688]
[ 0.04038459]
[ 0.02153242]
[ 0.]
[ 0.]
[ 0.]
[ 0.]
[ 0.]
[ 0.]
[ 0.]
[ 0.]
[ 0.]
[ 0.]
[ 0.]
[ 0.12693685]
[ 0.12696218]
[ 0.08208546]
[ 0.12691098]
[ 0.11591083]
[ 0.06215116]
[ 0.06215119]
[ 0.06215075]
[ 0.06215119]
[ 0.06215119]
[ 0.04095572]
[ 0.0342955]
[ 0.01990128]
[ 0.02200031]
[ 0.02076235]
[ 0.03695998]
[ 0.02093306]
[ 0.03086489]
[ 0.0175221]
[ 0.02563804]
[ 0.03766543]
[ 0.02141282]
[ 0.05101013]
[ 0.01735422]
[ 0.06026563]
[ 0.06026566]
[ 0.06023896]
[ 0.06026569]
[ 0.]
[ 0.]
[ 0.]
[ 0.]
[ 0.]
[ 0.07757986]
[ 0.07756555]
[ 0.04660589]
[ 0.06965959]
[ 0.06207338]
[ 0.06207335]
[ 0.06207326]
[ 0.06207323]
[ 0.06207305]
[ 0.05790377]
[ 0.08243576]
[ 0.08242595]
[ 0.07338727]
[ 0.07752097]
[ 0.]
[ 0.]
[ 0.]
[ 0.]
[ 0.]
[ 0.08124101]
[ 0.0495151]
[ 0.0989815]
[ 0.08272168]
[ 0.09899202]
[ 0.08442482]
[ 0.08442482]
[ 0.07596892]
[ 0.08442822]
[ 0.07544595]
[ 0.82362658]
[ 0.05921274]
[ 0.0830265]
[ 0.08664823]
[ 0.08662805]
[ 0.07631201]
[ 0.0866366]
[ 0.06214982]
[ 0.06214982]
[ 0.06214982]
[ 0.06214982]
[ 0.06214884]
[ 0.06213549]
[ 0.07280758]
[ 0.07280767]
[ 0.07281092]
[ 0.0728083]
[ 0.0846476]
[ 0.08464763]
[ 0.07701206]
[ 0.08465487]
[ 0.14225605]
[ 0.23043013]
[ 0.14189252]
[ 0.14108226]
[ 0.14185199]
[ 0.14185533]
[ 0.14193547]
[ 0.14185184]
[ 0.14185199]
[ 0.14184651]
[ 0.14184639]
[ 0.15296352]
[ 0.15293297]
[ 0.1531536]
[ 0.15517712]
[ 0.15312964]
[ 0.15311837]
[ 0.06214643]
[ 0.06214643]
[ 0.06214517]
[ 0.06191993]
[ 0.06214637]
[ 0.06811628]
[ 0.07020783]
[ 0.07019052]
[ 0.07019565]
[ 0.0533371]
[ 0.05150181]
[ 0.06326345]
[ 0.05095625]
[ 0.03633696]
[ 0.03746572]
[ 0.05106661]
[ 0.04146424]
[ 0.0510056]
[ 0.08729106]
[ 0.08729103]
[ 0.07958367]
[ 0.08723962]
[ 0.01611075]
[ 0.20721349]
[ 0.01650083]
[ 0.01649162]
[ 0.02292076]
[ 0.0327929]
[ 0.00950658]
[ 0.06215593]
[ 0.06215593]
[ 0.06215593]
[ 0.0621559]
[ 0.06215593]
[ 0.06215593]
[ 0.13491672]
[ 0.13491574]
[ 0.13490823]
[ 0.13490912]
[ 0.0432592]
[ 0.1349166]
[ 0.13491645]
[ 0.20255193]
[ 0.67633051]
[ 0.03462577]
[ 0.09658548]
[ 0.09658545]
[ 0.09656855]
[ 0.09658548]
[ 0.05046186]
[ 0.05049333]
[ 0.06213591]
[ 0.06213555]
[ 0.06213465]
[ 0.06213439]
[ 0.06213388]
[ 0.0451293]
[ 0.02148879]
[ 0.02330855]
[ 0.04275551]
[ 0.02310693]
[ 0.]
[ 0.00365439]
[ 0.00499377]
[ 0.00723287]
[ 0.00324365]
[ 0.00186282]
[ 0.00338084]
[ 0.06215024]
[ 0.06215063]
[ 0.06214941]
[ 0.06215063]
[ 0.0621506]
[ 0.06215036]
[ 0.06767631]
[ 0.06945515]
[ 0.06155756]
[ 0.06902909]
[ 0.07134777]
[ 0.06215116]
[ 0.06215116]
[ 0.06214812]
[ 0.06215116]
[ 0.06215119]
[ 0.06215063]
[ 0.06215104]
[ 0.06215101]
[ 0.06214973]
[ 0.0621424]
[ 0.43696037]
[ 0.41265392]
[ 0.43752402]
[ 0.09186059]
[ 0.09186059]
[ 0.09186059]
[ 0.09186059]
[ 0.08500919]
[ 0.0917716]
[ 0.06973431]
[ 0.88820583]
[ 0.06860837]
[ 0.13744792]
[ 0.08089268]
[ 0.02587783]
[ 0.02604488]
[ 0.03117412]
[ 0.02487251]
[  3.89218330e-05]
[ 0.]
[ 0.000642]
[ 0.00065118]
[ 0.00128898]
[ 0.05804247]
[ 0.704835]
[ 0.06503031]
[ 0.2748608]
[ 0.25316915]
[ 0.2759133]
[ 0.06215146]
[ 0.06215167]
[ 0.06215173]
[ 0.06215173]
[ 0.06215173]
[ 0.05744886]
[ 0.02837041]
[ 0.05475959]
[ 0.03975266]
[ 0.02961615]
[ 0.06215099]
[ 0.06215104]
[ 0.0621509]
[ 0.06215099]
[ 0.06215104]
[ 0.15174079]
[ 0.15172416]
[ 0.09552163]
[ 0.09552163]
[ 0.09552166]
[ 0.09552151]
[ 0.09419197]
[ 0.09549782]
[ 0.]
[ 0.]
[ 0.]
[ 0.]
[ 0.]
[ 0.]
[ 0.09613955]
[ 0.09613949]
[ 0.09610116]
[ 0.09613547]
[ 0.13906881]
[ 0.1348156]
[ 0.1361824]
[ 0.14814711]
[ 0.13910237]
[ 0.02090213]
[ 0.01429248]
[ 0.01551443]
[ 0.01718432]
[ 0.01388231]
[ 0.019822]
[ 0.02223873]
[ 0.01547173]
[ 0.06215134]
[ 0.06215107]
[ 0.06215134]
[ 0.06215134]
[ 0.06215134]
[ 0.06215075]
[ 0.06215075]
[ 0.06215075]
[ 0.06214765]
[ 0.06215075]
[ 0.15140384]
[ 0.15152204]
[ 0.15151143]
[ 0.1509257]
[ 0.14801237]
[ 0.15156126]
[ 0.06215146]
[ 0.06215146]
[ 0.06215042]
[ 0.06215146]
[ 0.06215146]
[ 0.06214556]
[ 0.06214872]
[ 0.06214082]
[ 0.06214866]
[ 0.06213966]
[ 0.06214806]
[ 0.09303907]
[ 0.09303901]
[ 0.09275213]
[ 0.09286731]
[ 0.09243128]
[ 0.09243128]
[ 0.09243128]
[ 0.09243128]
[ 0.09041926]
[ 0.09032089]
[ 0.]
[ 0.00339693]
[ 0.00613645]
[ 0.00699255]
[ 0.00610274]
[ 0.00341356]
[ 0.00342402]
[ 0.00475082]
[ 0.01020816]
[ 0.01020753]
[ 0.01020816]
[ 0.01020816]
[  7.45058060e-07]
[  1.78813934e-07]
[  6.55651093e-07]
[ 0.01007339]
[ 0.01440239]
[ 0.00755814]
[ 0.01457435]
[ 0.06214997]
[ 0.06214997]
[ 0.06214997]
[ 0.06214997]
[ 0.06214994]
[ 0.06214997]
[ 0.0620625]
[ 0.06206217]
[ 0.06206238]
[ 0.0587723]
[ 0.06206134]
[ 0.06203666]
[ 0.06214237]
[ 0.06214365]
[ 0.06214362]
[ 0.06214365]
[ 0.06214353]
[ 0.]
[ 0.]
[ 0.]
[ 0.]
[ 0.]
[ 0.06215161]
[ 0.06215158]
[ 0.06215161]
[ 0.06215161]
[ 0.06215161]
[ 0.06215161]
[ 0.06214672]
[ 0.06214672]
[ 0.06214663]
[ 0.06214666]
[ 0.06206563]
[ 0.06214654]
[ 0.15121546]
[ 0.15276933]
[ 0.09288099]
[ 0.09288096]
[ 0.09256783]
[ 0.09281647]
[ 0.1031076]
[ 0.80332077]
[ 0.04919288]
[ 0.09609658]
[ 0.09609663]
[ 0.09482887]
[ 0.09610492]
[ 0.04112834]
[ 0.0411267]
[ 0.04101014]
[ 0.04113409]
[ 0.3685326]
[ 0.10220152]
[ 0.10220146]
[ 0.1127525]
[ 0.10207507]
[ 0.06215134]
[ 0.06215134]
[ 0.06215134]
[ 0.06215134]
[ 0.07478434]
[ 0.07522765]
[ 0.07369959]
[ 0.07543689]
[ 0.07545334]
[ 0.14518943]
[ 0.14516976]
[ 0.14515808]
[ 0.14521021]
[ 0.14653894]
[ 0.09338903]
[ 0.14517277]
[ 0.04765424]
[ 0.04844221]
[ 0.6198529]
[ 0.04814446]
[ 0.05044726]
[ 0.06094486]
[ 0.06162995]
[ 0.06278032]
[ 0.06506902]
[ 0.08129203]
[ 0.08129194]
[ 0.02181414]
[ 0.02506673]
[ 0.02024546]
[ 0.03426325]
[ 0.02174249]
[ 0.01172322]
[ 0.02024472]
[ 0.]
[ 0.]
[ 0.]
[ 0.]
[ 0.]
[ 0.07541513]
[ 0.05454567]
[ 0.074756]
[ 0.0748342]
[ 0.04078156]
[ 0.0843007]
[ 0.08430076]
[ 0.07581425]
[ 0.08428302]
[ 0.00033924]
[ 0.04854742]
[ 0.05073836]
[ 0.00568503]
[ 0.005694]
[ 0.00569364]
[ 0.00172567]
[ 0.00556752]
[ 0.00653595]
[ 0.00713548]
[ 0.00569317]
[ 0.10826331]
[ 0.10826328]
[ 0.13021603]
[ 0.10825467]
[ 0.06215134]
[ 0.06215134]
[ 0.06215113]
[ 0.06215134]
[ 0.0620544]
[ 0.0619103]
[ 0.06058717]
[ 0.05967119]
[ 0.06177405]
[ 0.]
[ 0.]
[ 0.]
[ 0.]
[ 0.]
[ 0.05594474]
[ 0.06021351]
[ 0.02311391]
[ 0.05414352]
[ 0.06028152]
[ 0.09099761]
[ 0.78612173]
[ 0.10887194]
[ 0.06455663]
[ 0.11170292]
[ 0.]
[ 0.]
[ 0.]
[ 0.]
[ 0.]
[ 0.06215054]
[ 0.06215054]
[ 0.06215054]
[ 0.062148]
[ 0.06214938]
[ 0.12330022]
[ 0.12571105]
[ 0.12571582]
[ 0.10157055]
[ 0.10157052]
[ 0.11237031]
[ 0.10134646]
[ 0.06215054]
[ 0.06214926]
[ 0.06215057]
[ 0.06215093]
[ 0.06214708]
[ 0.045614]
[ 0.03020996]
[ 0.06081519]
[ 0.05104682]
[ 0.0608207]
[ 0.09593046]
[ 0.09593046]
[ 0.09593052]
[ 0.09593058]
[ 0.0951443]
[ 0.09591836]
[ 0.06213972]
[ 0.06214008]
[ 0.06214005]
[ 0.06213945]
[ 0.06215119]
[ 0.0621514]
[ 0.0621514]
[ 0.0621514]
[ 0.0621514]
[ 0.08464026]
[ 0.08464032]
[ 0.07539731]
[ 0.0845688]
[ 0.08472675]
[ 0.0857673]
[ 0.00083986]
[ 0.08468866]
[ 0.07926464]
[ 0.08451885]
[ 0.08087236]
[ 0.09790298]
[ 0.09788913]
[ 0.22585928]
[ 0.09802914]
[ 0.09791628]
[ 0.09812385]
[ 0.09638551]
[ 0.09638551]
[ 0.09728891]
[ 0.09615028]
[ 0.06213829]
[ 0.06213769]
[ 0.06202984]
[ 0.06213811]
[ 0.06213829]
[ 0.02885461]
[ 0.62827861]
[ 0.56775844]
[ 0.06214583]
[ 0.06214991]
[ 0.06214964]
[ 0.06215125]
[ 0.17357489]
[ 0.17212558]
[ 0.17368391]
[ 0.02776483]
[ 0.05641437]
[ 0.04476854]
[ 0.05882862]
[ 0.0587188]
[ 0.0453712]
[ 0.06215134]
[ 0.0621514]
[ 0.06215134]
[ 0.0621514]
[ 0.0621514]
[ 0.06213716]
[ 0.06213745]
[ 0.06201416]
[ 0.06180844]
[ 0.18026909]
[ 0.17536142]
[ 0.18021688]
[ 0.01685381]
[ 0.03355852]
[ 0.02437314]
[ 0.01737827]
[ 0.0307152]
[ 0.00897729]
[ 0.00489125]
[ 0.]
[ 0.01162922]
[ 0.00599274]
[ 0.01182574]
[ 0.09564903]
[ 0.09564909]
[ 0.08926934]
[ 0.09564874]
[ 0.05766416]
[ 0.03505746]
[ 0.06879085]
[ 0.06848687]
[ 0.06879914]
[ 0.13486487]
[ 0.09485662]
[ 0.09485656]
[ 0.09423888]
[ 0.09478608]
[ 0.05079186]
[ 0.475014]
[ 0.04998961]
[ 0.05075592]
[ 0.05090451]
[ 0.07293561]
[ 0.88486683]
[ 0.0634779]
[ 0.14816013]
[ 0.14835122]
[ 0.14824906]
[ 0.06215113]
[ 0.06215125]
[ 0.06215125]
[ 0.06215125]
[ 0.0947935]
[ 0.0947935]
[ 0.09479356]
[ 0.09479347]
[ 0.09132797]
[ 0.09474587]
[ 0.0755358]
[ 0.08016554]
[ 0.63668835]
[ 0.08159244]
[ 0.07471484]
[ 0.09076771]
[ 0.09076765]
[ 0.08896959]
[ 0.09077349]
[ 0.01956928]
[ 0.01737747]
[ 0.02549309]
[ 0.02533859]
[ 0.01955721]
[ 0.01949188]
[ 0.0170767]
[ 0.03961119]
[ 0.06215215]
[ 0.06215215]
[ 0.062152]
[ 0.06215215]
[ 0.09131598]
[ 0.09131604]
[ 0.082504]
[ 0.09132302]
[ 0.25101721]
[ 0.21262872]
[ 0.24406964]
[ 0.06214583]
[ 0.06214583]
[ 0.06214368]
[ 0.06214583]
[ 0.06214559]
[ 0.06214577]
[ 0.09578717]
[ 0.09499937]
[ 0.0961335]
[ 0.09267008]
[ 0.09628028]
[ 0.19302085]
[ 0.09122944]
[ 0.0904341]
[ 0.06183437]
[ 0.0618372]
[ 0.06183004]
[ 0.05988178]
[ 0.06151795]
[ 0.00102463]
[  8.94069672e-08]
[ 0.00150681]
[ 0.00104561]
[ 0.0019803]
[ 0.06215122]
[ 0.06215119]
[ 0.06215122]
[ 0.06215107]
[ 0.06215122]
[ 0.]
[ 0.]
[ 0.]
[ 0.]
[ 0.]
[ 0.06215107]
[ 0.06215107]
[ 0.06215107]
[ 0.06215107]
[ 0.06215107]
[ 0.06215099]
[ 0.06214821]
[ 0.06214863]
[ 0.06214863]
[ 0.06214863]
[ 0.06214857]
[ 0.06214562]
[ 0.2831651]
[ 0.0892252]
[ 0.0892252]
[ 0.08922523]
[ 0.07788718]
[ 0.0891988]
[ 0.]
[ 0.]
[ 0.]
[ 0.07646963]
[ 0.07096845]
[ 0.0712519]
[ 0.07646209]
[ 0.07604802]
[ 0.01230556]
[ 0.23239174]
[ 0.02412188]
[ 0.06214771]
[ 0.06214765]
[ 0.06214771]
[ 0.06214762]
[ 0.06214771]
[ 0.06214771]
[ 0.43279237]
[ 0.43208021]
[ 0.43265831]
[ 0.06212491]
[ 0.06214991]
[ 0.06214428]
[ 0.06214994]
[ 0.06214994]
[ 0.06214994]
[ 0.06215146]
[ 0.06215075]
[ 0.06215146]
[ 0.0621514]
[ 0.06215143]
[ 0.14999503]
[ 0.14999452]
[ 0.06214827]
[ 0.0621483]
[ 0.0621483]
[ 0.06212035]
[ 0.062148]
[ 0.06215063]
[ 0.06215099]
[ 0.06215099]
[ 0.06215099]
[ 0.06215099]
[ 0.06215099]
[ 0.01713035]
[ 0.08830559]
[ 0.86784279]
[ 0.08100653]
[ 0.090444]
[ 0.06215075]
[ 0.06214944]
[ 0.06215069]
[ 0.06215069]
[ 0.06215015]
[ 0.05970705]
[ 0.05970705]
[ 0.05970705]
[ 0.05970687]
[ 0.05970186]
[ 0.05970699]
[ 0.07215399]
[ 0.03024691]
[ 0.06215134]
[ 0.0621514]
[ 0.0621514]
[ 0.06215134]
[ 0.0621514]
[ 0.05583626]
[ 0.05583656]
[ 0.057345]
[ 0.09709799]
[ 0.09709859]
[ 0.11650443]
[ 0.09693259]
[ 0.]
[ 0.]
[ 0.]
[ 0.]
[ 0.]
[ 0.03442082]
[ 0.04092813]
[ 0.01726955]
[ 0.0341354]
[ 0.01921242]
[ 0.00454935]
[ 0.00579369]
[ 0.]
[ 0.0050976]
[ 0.13923216]
[ 0.14175385]
[ 0.12871015]
[ 0.10770327]
[ 0.1392228]
[ 0.13909149]
[ 0.08097365]
[ 0.07912141]
[ 0.04251722]
[ 0.04256636]
[ 0.04880929]
[ 0.04196405]
[ 0.06215134]
[ 0.06215134]
[ 0.06215134]
[ 0.06215134]
[ 0.06215134]
[ 0.06215134]
[ 0.09643248]
[ 0.09643245]
[ 0.09637272]
[ 0.09643692]
[ 0.12374669]
[ 0.12374467]
[ 0.12374449]
[ 0.12374502]
[ 0.12375975]
[ 0.6754899]
[ 0.12374437]
[ 0.12374493]
[ 0.08817953]
[ 0.08817965]
[ 0.08396128]
[ 0.08818322]
[ 0.]
[ 0.]
[ 0.]
[ 0.]
[ 0.]
[ 0.]
[ 0.05655372]
[ 0.05866611]
[ 0.04015014]
[ 0.05649245]
[ 0.05645913]
[ 0.05644658]
[ 0.05633]
[ 0.0001573]
[  7.12573528e-05]
[ 0.]
[ 0.06210005]
[ 0.06209856]
[ 0.06209946]
[ 0.06207365]
[ 0.05932525]
[ 0.06203899]
[ 0.06214976]
[ 0.06214973]
[ 0.0621497]
[ 0.06214538]
[ 0.06213492]
[ 0.06214976]
[ 0.02030197]
[ 0.03684264]
[ 0.01879764]
[ 0.02216527]
[ 0.0159522]
[ 0.02035689]
[ 0.02024111]
[ 0.02161488]
[ 0.05986282]
[ 0.06442305]
[ 0.60948181]
[ 0.08609515]
[ 0.08599302]
[ 0.08599305]
[ 0.0799692]
[ 0.08599359]
[ 0.03247753]
[ 0.01471537]
[ 0.02709156]
[ 0.02688158]
[ 0.01101756]
[ 0.01676124]
[ 0.10601196]
[ 0.10608813]
[ 0.18260697]
[ 0.10451815]
[ 0.10600549]
[ 0.10601705]
[ 0.063658]
[ 0.41696683]
[ 0.06637311]
[ 0.06375578]
[ 0.06642729]
[ 0.21246612]
[ 0.76016116]
[ 0.03490752]
[ 0.06211439]
[ 0.06099433]
[ 0.06211489]
[ 0.0621182]
[ 0.03445804]
[ 0.03009215]
[ 0.00068781]
[ 0.01617879]
[ 0.01688761]
[ 0.01470295]
[ 0.02105218]
[ 0.02644849]
[ 0.15258402]
[ 0.15234187]
[ 0.15297678]
[ 0.14077294]
[ 0.21362081]
[ 0.14089668]
[ 0.14089683]
[ 0.14089507]
[ 0.14058194]
[ 0.14089701]
[ 0.14089701]
[ 0.14089745]
[ 0.14090705]
[ 0.14089939]
[ 0.01440504]
[ 0.01600599]
[ 0.01327515]
[ 0.01088709]
[ 0.]
[ 0.]
[ 0.]
[ 0.]
[ 0.03862599]
[ 0.02842507]
[ 0.1105378]
[ 0.03945142]
[ 0.02121732]
[ 0.06479728]
[ 0.09140223]
[ 0.32866722]
[ 0.10812438]
[ 0.10812443]
[ 0.13398129]
[ 0.10810268]
[ 0.1466639]
[ 0.14179167]
[ 0.0621514]
[ 0.0621514]
[ 0.0621514]
[ 0.06215134]
[ 0.10360655]
[ 0.10360646]
[ 0.13030854]
[ 0.10338342]
[ 0.09423348]
[ 0.09423342]
[ 0.0930106]
[ 0.09423417]
[ 0.14635003]
[ 0.15363276]
[ 0.13037059]
[ 0.14638323]
[ 0.14633617]
[ 0.14634806]
[ 0.13928804]
[ 0.09466055]
[ 0.0937714]
[ 0.09375364]
[ 0.09362906]
[ 0.09365135]
[ 0.06207815]
[ 0.06180382]
[ 0.06207928]
[ 0.06207928]
[ 0.06207922]
[ 0.06215]
[ 0.06215116]
[ 0.06215081]
[ 0.06215122]
[ 0.06215104]
[ 0.06215122]
[ 0.0525977]
[ 0.06063515]
[ 0.27176189]
[ 0.03942522]
[ 0.05104399]
[ 0.09539419]
[ 0.09539381]
[ 0.09479818]
[ 0.0954034]
[ 0.06215104]
[ 0.06215131]
[ 0.06215131]
[ 0.06215131]
[ 0.06215057]
[ 0.06215107]
[ 0.06215113]
[ 0.06215021]
[ 0.06215113]
[ 0.06215113]
[ 0.54182035]
[ 0.53550339]
[ 0.54167652]
[ 0.15383518]
[ 0.14867029]
[ 0.09632862]
[ 0.09632862]
[ 0.09632871]
[ 0.09632862]
[ 0.09603351]
[ 0.09628057]
[ 0.]
[ 0.]
[ 0.]
[ 0.]
[ 0.]
[ 0.14150015]
[ 0.14137617]
[ 0.14110902]
[ 0.14137617]
[ 0.14137617]
[ 0.1002599]
[ 0.1002599]
[ 0.10601902]
[ 0.10023713]
[ 0.]
[ 0.]
[ 0.]
[ 0.]
[ 0.]
[ 0.10760257]
[ 0.10760257]
[ 0.13512552]
[ 0.10748723]
[ 0.05833116]
[ 0.05833119]
[ 0.05833116]
[ 0.05833116]
[ 0.05833119]
[ 0.05833116]
[ 0.07341537]
[ 0.00389203]
[ 0.10408068]
[ 0.10408059]
[ 0.11903876]
[ 0.10347721]
[ 0.09104782]
[ 0.09104776]
[ 0.09104797]
[ 0.08430552]
[ 0.06215164]
[ 0.06215161]
[ 0.06215164]
[ 0.06215164]
[ 0.06215164]
[ 0.06215164]
[ 0.15397769]
[ 0.15397224]
[ 0.1539728]
[ 0.15397224]
[ 0.153983]
[ 0.15397498]
[ 0.15397429]
[ 0.06215119]
[ 0.06215119]
[ 0.06214914]
[ 0.06215084]
[ 0.06215107]
[ 0.08178848]
[ 0.08178836]
[ 0.07147568]
[ 0.07311511]
[ 0.01225281]
[ 0.02739134]
[ 0.01350853]
[ 0.01353776]
[ 0.01084745]
[ 0.01358894]
[ 0.01359516]
[ 0.01379618]
[ 0.03146142]
[ 0.06113392]
[ 0.06113392]
[ 0.06113246]
[ 0.0611169]
[ 0.08995351]
[ 0.08995366]
[ 0.07755098]
[ 0.0899539]
[ 0.08674753]
[ 0.08674753]
[ 0.08098277]
[ 0.08674991]
[ 0.14173406]
[ 0.1417051]
[ 0.14172211]
[ 0.14172229]
[ 0.70481318]
[ 0.0537352]
[ 0.23475689]
[ 0.06215093]
[ 0.06215093]
[ 0.06215081]
[ 0.06215093]
[ 0.06214848]
[ 0.06215093]
[ 0.07085478]
[ 0.04241878]
[ 0.08310318]
[ 0.07417065]
[ 0.08310941]
[ 0.06214324]
[ 0.06214324]
[ 0.06214324]
[ 0.06212184]
[ 0.15306219]
[ 0.15101251]
[ 0.06215107]
[ 0.06215107]
[ 0.06215107]
[ 0.062148]
[ 0.06215107]
[ 0.0961538]
[ 0.09615368]
[ 0.09614944]
[ 0.09615427]
[ 0.10685509]
[ 0.1068548]
[ 0.13232052]
[ 0.10666478]
[ 0.09031349]
[ 0.09031349]
[ 0.07994327]
[ 0.09031367]
[ 0.0952155]
[ 0.09521538]
[ 0.09498432]
[ 0.09522092]
[ 0.30927137]
[ 0.3091135]
[ 0.30923727]
[ 0.14745796]
[ 0.1519753]
[ 0.14739171]
[ 0.]
[ 0.]
[ 0.]
[ 0.]
[ 0.]
[ 0.10433063]
[ 0.23747775]
[ 0.0794546]
[ 0.02006325]
[ 0.01942411]
[ 0.01711828]
[ 0.01920846]
[ 0.01941669]
[ 0.01833299]
[ 0.013953]
[ 0.06212616]
[ 0.06212616]
[ 0.06151918]
[ 0.06212151]
[ 0.06212035]
[ 0.11458415]
[ 0.11469981]
[ 0.09312189]
[ 0.11458403]
[ 0.08039105]
[ 0.07328966]
[ 0.07328963]
[ 0.05861828]
[ 0.06537127]
[ 0.15226829]
[ 0.14902902]
[ 0.00488496]
[ 0.00500676]
[ 0.00516501]
[ 0.00515905]
[ 0.00517893]
[ 0.00515872]
[ 0.01031286]
[ 0.00471413]
[ 0.05705532]
[ 0.3810699]
[ 0.35058773]
[ 0.02943081]
[ 0.01765546]
[ 0.01258761]
[ 0.01756287]
[ 0.01719484]
[ 0.02361864]
[ 0.01614651]
[ 0.]
[ 0.]
[ 0.]
[ 0.]
[  7.38501549e-05]
[ 0.00011194]
[  6.21378422e-05]
[  5.17964363e-05]
[  7.34925270e-05]
[ 0.]
[  4.98890877e-05]
[ 0.16226688]
[ 0.15955043]
[ 0.16226161]
[ 0.13471106]
[ 0.13704726]
[ 0.0816659]
[ 0.0816659]
[ 0.07225129]
[ 0.08102775]
[ 0.09666497]
[ 0.09666505]
[ 0.09666461]
[ 0.09666622]
[ 0.06215134]
[ 0.06215134]
[ 0.06215134]
[ 0.06215134]
[ 0.06215131]
[ 0.06215116]
[ 0.06212348]
[ 0.06214523]
[ 0.06214517]
[ 0.06214517]
[ 0.06214523]
[ 0.09289271]
[ 0.09289283]
[ 0.09289271]
[ 0.09010839]
[ 0.09281254]
[ 0.08377314]
[ 0.04528528]
[ 0.08390662]
[ 0.08377081]
[ 0.08390895]
[ 0.06208813]
[ 0.06193647]
[ 0.06208569]
[ 0.06175268]
[ 0.06208616]
[ 0.06196252]
[ 0.06196201]
[ 0.05923393]
[ 0.06196263]
[ 0.06196263]
[ 0.06196266]
[ 0.06173959]
[ 0.06173742]
[ 0.06174046]
[ 0.06174046]
[ 0.06174046]
[ 0.0164288]
[ 0.02757832]
[ 0.01508588]
[ 0.01536581]
[ 0.02940431]
[ 0.01499224]
[ 0.01666409]
[ 0.]
[ 0.]
[ 0.]
[ 0.]
[ 0.]
[ 0.]
[ 0.08600837]
[ 0.08600837]
[ 0.08250937]
[ 0.08561245]
[ 0.13776508]
[ 0.13777742]
[ 0.11515319]
[ 0.86267668]
[ 0.85482013]
[ 0.08904824]
[ 0.09006548]
[ 0.08884877]
[ 0.09533772]
[ 0.0888609]
[ 0.09517521]
[ 0.09517521]
[ 0.0951753]
[ 0.09517515]
[ 0.09334069]
[ 0.09512562]
[ 0.]
[ 0.]
[ 0.]
[ 0.]
[ 0.]
[ 0.19073147]
[ 0.19664347]
[ 0.19443113]
[ 0.06214958]
[ 0.06215084]
[ 0.06214982]
[ 0.0621509]
[ 0.0621509]
[ 0.06215093]
[ 0.]
[ 0.]
[ 0.]
[ 0.]
[ 0.]
[ 0.06195]
[ 0.06196377]
[ 0.06196371]
[ 0.06196377]
[ 0.06196371]
[ 0.05545092]
[ 0.18115449]
[ 0.18083209]
[ 0.18222803]
[ 0.]
[ 0.]
[ 0.]
[ 0.]
[ 0.]
[ 0.09078604]
[ 0.09078604]
[ 0.09078604]
[ 0.0907861]
[ 0.08042011]
[ 0.09072641]
[ 0.09484577]
[ 0.09471449]
[ 0.10509774]
[ 0.10509762]
[ 0.11825389]
[ 0.10509863]
[ 0.06190449]
[ 0.06190458]
[ 0.06190458]
[ 0.06190458]
[ 0.06190458]
[ 0.06215113]
[ 0.06215101]
[ 0.06215134]
[ 0.06215116]
[ 0.06215134]
[ 0.06215134]
[ 0.06215134]
[ 0.06215134]
[ 0.06215131]
[ 0.06215134]
[ 0.]
[ 0.]
[ 0.]
[ 0.]
[ 0.]
[ 0.08279693]
[ 0.08279693]
[ 0.0718573]
[ 0.08270696]
[ 0.11509004]
[ 0.09564188]
[ 0.88164711]
[ 0.09560531]
[ 0.09563884]
[ 0.09709531]
[ 0.08143058]
[ 0.06215161]
[ 0.06215164]
[ 0.06215155]
[ 0.06215161]
[ 0.0621514]
[ 0.06215012]
[ 0.0882754]
[ 0.08764803]
[ 0.08808282]
[ 0.08806741]
[ 0.08808798]
[ 0.06215107]
[ 0.06215113]
[ 0.06215125]
[ 0.06215084]
[ 0.06214973]
[ 0.06214973]
[ 0.06214973]
[ 0.06214973]
[ 0.06214973]
[ 0.06214973]
[ 0.]
[ 0.]
[ 0.]
[ 0.]
[ 0.]
[ 0.]
[ 0.02494532]
[ 0.03647357]
[ 0.02416596]
[ 0.02492711]
[ 0.03838906]
[ 0.05019727]
[ 0.02231932]
[ 0.06818244]
[ 0.8510946]
[ 0.06882179]
[ 0.06214607]
[ 0.06214955]
[ 0.06215036]
[ 0.06215036]
[ 0.06215036]
[ 0.06215036]
[ 0.06215119]
[ 0.06215119]
[ 0.06215119]
[ 0.06215119]
[ 0.06215119]
[ 0.06215119]
[ 0.06213227]
[ 0.06214952]
[ 0.06214941]
[ 0.06211594]
[ 0.06214952]
[ 0.05943245]
[ 0.05943373]
[ 0.18445125]
[ 0.01258612]
[ 0.05714044]
[ 0.05588543]
[ 0.02834564]
[ 0.05609187]
[ 0.05641323]
[ 0.06215099]
[ 0.06215131]
[ 0.06215131]
[ 0.06215119]
[ 0.06215131]
[ 0.06215075]
[ 0.06215078]
[ 0.06215078]
[ 0.06215078]
[ 0.06214935]
[ 0.09664062]
[ 0.09664077]
[ 0.09663889]
[ 0.09664163]
[ 0.06215107]
[ 0.06215125]
[ 0.06215125]
[ 0.06215125]
[ 0.06213373]
[ 0.06213394]
[ 0.06213334]
[ 0.06213394]
[ 0.06213394]
[ 0.06213394]
[ 0.06214374]
[ 0.06214374]
[ 0.06214112]
[ 0.06214374]
[ 0.06185955]
[ 0.06214857]
[ 0.06214857]
[ 0.06214797]
[ 0.06214857]
[ 0.06214854]
[ 0.05821872]
[ 0.01604313]
[ 0.02938777]
[ 0.0311228]
[ 0.01021746]
[ 0.01822987]
[ 0.00892892]
[ 0.00801566]
[ 0.00892779]
[ 0.00884882]
[ 0.]
[ 0.00873971]
[ 0.21076718]
[ 0.06428438]
[ 0.06532681]
[ 0.0623652]
[ 0.06531671]
[ 0.06214821]
[ 0.06215063]
[ 0.06214997]
[ 0.0621506]
[ 0.06215042]
[ 0.15134159]
[ 0.15207419]
[ 0.15130091]
[ 0.09618962]
[ 0.09618968]
[ 0.09599233]
[ 0.09619048]
[ 0.08967644]
[ 0.08967644]
[ 0.0896765]
[ 0.0896765]
[ 0.07557353]
[ 0.08913213]
[ 0.06214905]
[ 0.06214979]
[ 0.06215015]
[ 0.0621497]
[ 0.0621509]
[ 0.06215075]
[ 0.06214941]
[ 0.06215081]
[ 0.06213138]
[ 0.]
[ 0.]
[ 0.]
[ 0.]
[ 0.]
[ 0.85082984]
[ 0.11790729]
[ 0.04618979]
[ 0.08698535]
[ 0.08698532]
[ 0.07866713]
[ 0.08686182]
[ 0.08971217]
[ 0.84703779]
[ 0.82676649]
[ 0.08935931]
[ 0.0894489]
[ 0.09001905]
[ 0.08933675]
[ 0.11283267]
[ 0.58052075]
[ 0.14315891]
[ 0.06215066]
[ 0.06215069]
[ 0.06215069]
[ 0.06215057]
[ 0.]
[ 0.]
[ 0.]
[ 0.]
[ 0.]
[ 0.08937192]
[ 0.08937192]
[ 0.08937198]
[ 0.08937192]
[ 0.07361445]
[ 0.08928776]
[ 0.]
[ 0.]
[ 0.]
[ 0.]
[ 0.]
[ 0.06211439]
[ 0.06211898]
[ 0.06211823]
[ 0.06204557]
[ 0.06080925]
[ 0.09538463]
[ 0.33358425]
[ 0.08946645]
[ 0.07835197]
[ 0.0813013]
[ 0.06728524]
[ 0.07784176]
[ 0.08066407]
[ 0.06207553]
[ 0.06199506]
[ 0.06204218]
[ 0.0591411]
[ 0.06207228]
[ 0.08012381]
[ 0.08014825]
[ 0.08014393]
[ 0.0801596]
[ 0.12419969]
[ 0.73879659]
[ 0.11630353]
[ 0.72132307]
[ 0.06215122]
[ 0.06215122]
[ 0.06215075]
[ 0.06215119]
[ 0.18452838]
[ 0.3510859]
[ 0.34810376]
[  1.15633011e-05]
[ 0.]
[ 0.10015368]
[ 0.10222009]
[ 0.20588863]
[ 0.08443379]
[ 0.08443376]
[ 0.07038009]
[ 0.08441481]
[ 0.08756173]
[ 0.08721024]
[ 0.08802065]
[ 0.08211502]
[ 0.08802769]
[ 0.15327242]
[ 0.15284514]
[ 0.15328464]
[ 0.15327233]
[ 0.15333122]
[ 0.15291733]
[ 0.02907044]
[ 0.41284072]
[ 0.66488409]
[ 0.09446934]
[ 0.09446919]
[ 0.1138013]
[ 0.08554548]
[ 0.10930738]
[ 0.11297244]
[ 0.10492116]
[ 0.10929024]
[ 0.11114272]
[ 0.10929018]
[ 0.10905993]
[ 0.09343213]
[ 0.09343222]
[ 0.0897857]
[ 0.09343523]
[ 0.06215063]
[ 0.06215057]
[ 0.0621317]
[ 0.0621483]
[ 0.06215063]
[ 0.09277055]
[ 0.09277055]
[ 0.0922541]
[ 0.09275645]
[ 0.09009019]
[ 0.09004885]
[ 0.08278051]
[ 0.09810635]
[ 0.06215099]
[ 0.06215099]
[ 0.06215099]
[ 0.06215099]
[ 0.06215093]
[ 0.06215093]
[ 0.00905943]
[ 0.01656815]
[ 0.00939071]
[ 0.01640826]
[ 0.01458204]
[  3.27825546e-07]
[ 0.01513979]
[ 0.01014182]
[ 0.01023272]
[ 0.01015347]
[ 0.0098941]
[ 0.01865304]
[ 0.01465431]
[ 0.01013768]
[ 0.01012689]
[ 0.12108177]
[ 0.12113678]
[ 0.02430457]
[ 0.12108141]
[ 0.12108013]
[ 0.12108189]
[ 0.09968752]
[ 0.0996877]
[ 0.12458611]
[ 0.09963453]
[ 0.05427492]
[ 0.03597263]
[ 0.04667395]
[ 0.03607726]
[ 0.05548283]
[ 0.]
[ 0.]
[ 0.]
[ 0.]
[ 0.]
[ 0.06206757]
[ 0.06213069]
[ 0.06213]
[ 0.06200901]
[ 0.06206882]
[ 0.03837815]
[ 0.06526095]
[ 0.03967798]
[ 0.0296067]
[ 0.03954846]
[ 0.10371995]
[ 0.10371983]
[ 0.09310478]
[ 0.10345393]
[ 0.70304275]
[ 0.00689569]
[ 0.03496817]
[ 0.03770271]
[ 0.04199591]
[ 0.02454159]
[ 0.02462372]
[ 0.04453868]
[ 0.0335156]
[ 0.04906383]
[ 0.08712149]
[ 0.08726221]
[ 0.0869669]
[ 0.08815408]
[ 0.22584224]
[ 0.33072436]
[ 0.14910465]
[ 0.14910439]
[ 0.1491124]
[ 0.07566032]
[ 0.6807586]
[ 0.03459179]
[ 0.15115225]
[ 0.13610578]
[ 0.10622445]
[ 0.10622433]
[ 0.12350389]
[ 0.1059992]
[ 0.05609778]
[ 0.05609778]
[ 0.05609766]
[ 0.02559036]
[ 0.05600622]
[ 0.]
[ 0.]
[ 0.]
[ 0.]
[ 0.]
[ 0.0668861]
[ 0.45363879]
[ 0.06673154]
[ 0.06672731]
[ 0.01807371]
[ 0.04070055]
[ 0.03534502]
[ 0.03692371]
[ 0.03893343]
[ 0.02002344]
[ 0.02153352]
[ 0.06214496]
[ 0.06214368]
[ 0.06212968]
[ 0.06213954]
[ 0.06214347]
[ 0.02601808]
[ 0.02651495]
[ 0.56988066]
[ 0.02613941]
[ 0.15266681]
[ 0.14935797]
[ 0.15219313]
[ 0.15219739]
[ 0.15219587]
[ 0.06659728]
[ 0.17410916]
[ 0.06632259]
[ 0.06628284]
[ 0.06650376]
[ 0.06649461]
[ 0.06649345]
[ 0.05515596]
[ 0.04949376]
[ 0.04897264]
[ 0.02784112]
[ 0.02114803]
[ 0.04061988]
[ 0.05566227]
[ 0.03079486]
[ 0.03627557]
[ 0.04212081]
[ 0.02159053]
[ 0.02193421]
[ 0.08020583]
[ 0.08021191]
[ 0.09629446]
[ 0.07913315]
[ 0.06215122]
[ 0.06215119]
[ 0.06215122]
[ 0.06214398]
[ 0.06215122]
[ 0.06215122]
[ 0.06215131]
[ 0.06215131]
[ 0.06215131]
[ 0.06215125]
[ 0.06215131]
[ 0.06215131]
[ 0.08192444]
[ 0.08192393]
[ 0.06627437]
[ 0.07416695]
[ 0.15336993]
[ 0.15447208]
[ 0.1547457]
[ 0.15447196]
[ 0.15447238]
[ 0.15447247]
[ 0.14034587]
[ 0.225481]
[ 0.14012128]
[ 0.14011863]
[ 0.14011854]
[ 0.14001134]
[ 0.13323966]
[ 0.14011854]
[ 0.14011934]
[ 0.14011869]
[ 0.14011827]
[ 0.14029533]
[ 0.14011881]
[ 0.0621514]
[ 0.06215131]
[ 0.0621514]
[ 0.06215134]
[ 0.0621514]
[ 0.0621514]
[ 0.06214908]
[ 0.06214917]
[ 0.06214917]
[ 0.06214896]
[ 0.06214917]
[ 0.15424529]
[ 0.15424547]
[ 0.1542463]
[ 0.10390508]
[ 0.10390449]
[ 0.130059]
[ 0.10220766]
[ 0.08899611]
[ 0.07225072]
[ 0.05835617]
[ 0.08740792]
[ 0.09296018]
[ 0.08801758]
[ 0.08759576]
[ 0.]
[ 0.]
[ 0.]
[ 0.]
[ 0.00141388]
[ 0.]
[ 0.00116044]
[ 0.00324583]
[ 0.00121084]
[ 0.00234169]
[  2.98023224e-05]
[  3.36766243e-06]
[ 0.]
[ 0.]
[ 0.09226191]
[ 0.09226167]
[ 0.0906828]
[ 0.09226412]
[ 0.06215075]
[ 0.06215107]
[ 0.0621509]
[ 0.06215113]
[ 0.09854388]
[ 0.09583122]
[ 0.102247]
[ 0.07150328]
[ 0.10231328]
[ 0.24452928]
[ 0.23194453]
[ 0.24450612]
[ 0.062123]
[ 0.06208029]
[ 0.0621264]
[ 0.06208119]
[ 0.06212658]
[ 0.09376475]
[ 0.09376475]
[ 0.09376487]
[ 0.09376472]
[ 0.09104556]
[ 0.09341544]
[ 0.1532872]
[ 0.15228757]
[ 0.06215107]
[ 0.06215107]
[ 0.06215104]
[ 0.06215104]
[ 0.06214988]
[ 0.06215107]
[ 0.06125158]
[ 0.11742014]
[ 0.11743021]
[ 0.76768517]
[ 0.61834329]
[ 0.02702373]
[ 0.03775522]
[ 0.05239666]
[ 0.03600124]
[ 0.03599828]
[ 0.03601792]
[ 0.13907313]
[ 0.14781442]
[ 0.01520276]
[ 0.01520276]
[ 0.01520276]
[ 0.01496729]
[ 0.01142234]
[ 0.01520276]
[ 0.00600967]
[ 0.]
[ 0.01078165]
[ 0.01078159]
[ 0.01078171]
[ 0.01078165]
[ 0.01077694]
[ 0.01078033]
[ 0.]
[ 0.00320017]
[ 0.]
[ 0.]
[ 0.]
[ 0.]
[ 0.]
[ 0.09222016]
[ 0.09222016]
[ 0.09222016]
[ 0.09222019]
[ 0.08447948]
[ 0.09214437]
[ 0.06212339]
[ 0.06212339]
[ 0.06209204]
[ 0.06212339]
[ 0.06212339]
[ 0.10482174]
[ 0.10482156]
[ 0.12128544]
[ 0.10464701]
[ 0.04311079]
[ 0.04261148]
[ 0.04537833]
[ 0.78785253]
[ 0.15275025]
[ 0.15273407]
[ 0.15294197]
[ 0.02185783]
[ 0.03283209]
[ 0.01907206]
[ 0.01791]
[ 0.00026089]
[ 0.03475755]
[ 0.03701514]
[ 0.0536781]
[ 0.07045522]
[ 0.73864698]
[ 0.13612643]
[ 0.13578737]
[ 0.13688019]
[ 0.11206126]
[ 0.31910512]
[ 0.07145867]
[ 0.06215048]
[ 0.06215039]
[ 0.06215048]
[ 0.06215048]
[ 0.06214955]
[ 0.06214958]
[ 0.0958131]
[ 0.09581307]
[ 0.09579176]
[ 0.09582061]
[ 0.06214631]
[ 0.0621464]
[ 0.06214637]
[ 0.06214616]
[ 0.08585015]
[ 0.08575976]
[ 0.07919297]
[ 0.08225271]
[ 0.06517869]
[ 0.81480634]
[ 0.78363901]
[ 0.16010404]
[ 0.06466272]
[ 0.06466839]
[ 0.06466356]
[ 0.06465542]
[ 0.74291182]
[ 0.69392323]
[ 0.0317457]
[ 0.06215063]
[ 0.06214592]
[ 0.06211638]
[ 0.06215075]
[ 0.06214517]
[ 0.06215078]
[ 0.14648226]
[ 0.14648226]
[ 0.14733052]
[ 0.06206366]
[ 0.06213823]
[ 0.06213823]
[ 0.06213823]
[ 0.06213823]
[ 0.06213823]
[ 0.0621298]
[ 0.06204832]
[ 0.06212938]
[ 0.06212983]
[ 0.06212991]
[ 0.06214872]
[ 0.06215057]
[ 0.06215063]
[ 0.06215066]
[ 0.06215063]
[ 0.06215066]
[ 0.06214383]
[ 0.06214383]
[ 0.0621435]
[ 0.0621039]
[ 0.07938719]
[ 0.04317579]
[ 0.08680302]
[ 0.08257911]
[ 0.0867843]
[ 0.13859919]
[ 0.14996988]
[ 0.15395015]
[ 0.10678247]
[ 0.09549242]
[ 0.09549236]
[ 0.09549814]
[ 0.09549227]
[ 0.06206882]
[ 0.06204709]
[ 0.06211162]
[ 0.06202629]
[ 0.06133133]
[ 0.06210586]
[ 0.0600484]
[ 0.06210589]
[ 0.06210524]
[ 0.06210577]
[ 0.08062917]
[ 0.08062899]
[ 0.07246524]
[ 0.07907873]
[ 0.0993048]
[ 0.09930474]
[ 0.12034088]
[ 0.09919584]
[ 0.01235327]
[ 0.01452595]
[ 0.01191664]
[ 0.01423872]
[ 0.01232624]
[ 0.06386819]
[ 0.01235506]
[ 0.0248763]
[ 0.096102]
[ 0.096102]
[ 0.096102]
[ 0.096102]
[ 0.09548885]
[ 0.0959923]
[ 0.0010272]
[ 0.08664969]
[ 0.08215284]
[ 0.06215131]
[ 0.06215125]
[ 0.06215119]
[ 0.06215131]
[ 0.06215131]
[ 0.06215119]
[ 0.01841465]
[ 0.01744705]
[ 0.01539698]
[ 0.02597582]
[ 0.01744691]
[ 0.0208306]
[ 0.01640174]
[ 0.06214592]
[ 0.06214583]
[ 0.06214592]
[ 0.06213596]
[ 0.04062897]
[ 0.02878147]
[ 0.02986827]
[ 0.0219104]
[ 0.02127296]
[ 0.02125123]
[ 0.00999933]
[ 0.02530208]
[ 0.03610727]
[ 0.02460238]
[ 0.02500734]
[ 0.0253129]
[ 0.02508783]
[ 0.02525884]
[ 0.0487062]
[ 0.10061574]
[ 0.10477412]
[ 0.11639693]
[ 0.15117648]
[ 0.1355834]
[ 0.15076649]
[ 0.13737601]
[ 0.12711194]
[ 0.12711483]
[ 0.12711203]
[ 0.12706643]
[ 0.14264977]
[ 0.14100602]
[ 0.14089754]
[ 0.09134701]
[ 0.09134701]
[ 0.08979407]
[ 0.09134933]
[ 0.]
[ 0.]
[ 0.]
[ 0.]
[ 0.]
[ 0.]
[ 0.0621475]
[ 0.0621475]
[ 0.06214705]
[ 0.06209716]
[ 0.13036716]
[ 0.1278618]
[ 0.12783304]
[ 0.11564779]
[ 0.12785256]
[ 0.12785327]
[ 0.0937342]
[ 0.0937342]
[ 0.09373426]
[ 0.093734]
[ 0.08770224]
[ 0.09368911]
[ 0.09273952]
[ 0.09273952]
[ 0.09153539]
[ 0.09274483]
[ 0.64377892]
[ 0.7520054]
[ 0.0130271]
[ 0.03328255]
[ 0.09731731]
[ 0.24721438]
[ 0.0951798]
[ 0.04127568]
[ 0.63735706]
[ 0.01629549]
[ 0.19413036]
[ 0.19297016]
[ 0.19413525]
[ 0.06214476]
[ 0.0621503]
[ 0.0621503]
[ 0.0621503]
[ 0.0621503]
[ 0.0621503]
[ 0.09303793]
[ 0.09303787]
[ 0.08795381]
[ 0.09304357]
[ 0.31434041]
[ 0.31389353]
[ 0.31432822]
[ 0.06214872]
[ 0.06214848]
[ 0.06214872]
[ 0.06214535]
[ 0.08755073]
[ 0.08735833]
[ 0.08773577]
[ 0.08863142]
[ 0.08629107]
[ 0.08629116]
[ 0.08097976]
[ 0.08629781]
[ 0.00086236]
[ 0.0011307]
[ 0.]
[ 0.00096601]
[ 0.11197752]
[ 0.89167374]
[ 0.11164263]
[ 0.1112572]
[ 0.11110109]
[ 0.11208946]
[ 0.11105072]
[ 0.06214261]
[ 0.06213748]
[ 0.06186715]
[ 0.06203642]
[ 0.06211236]
[ 0.0621424]
[ 0.06214446]
[ 0.06214446]
[ 0.06214446]
[ 0.06214446]
[ 0.06214446]
[ 0.06214446]
[ 0.06214935]
[ 0.06214944]
[ 0.06214797]
[ 0.06214944]
[ 0.06214944]
[ 0.06214944]
[ 0.06413072]
[ 0.06425512]
[ 0.02628353]
[ 0.06412941]
[ 0.06412631]
[ 0.06412891]
[  7.45058060e-07]
[ 0.]
[ 0.]
[ 0.]
[ 0.]
[ 0.]
[ 0.15231872]
[ 0.15530175]
[ 0.15232569]
[ 0.15233031]
[ 0.15514112]
[ 0.13806203]
[ 0.08672166]
[ 0.0867213]
[ 0.07791132]
[ 0.0867165]
[ 0.02294999]
[ 0.0064258]
[ 0.03238416]
[ 0.0232138]
[ 0.04654652]
[ 0.04624149]
[ 0.02175283]
[ 0.08430743]
[ 0.08430594]
[ 0.0647738]
[ 0.08430481]
[ 0.12112212]
[ 0.12064344]
[ 0.14294073]
[ 0.11765784]
[ 0.12110594]
[ 0.02251238]
[ 0.02272481]
[ 0.043035]
[ 0.02358288]
[ 0.0389632]
[ 0.03693348]
[ 0.02359292]
[ 0.1416086]
[ 0.14158222]
[ 0.10146469]
[ 0.10146469]
[ 0.11708397]
[ 0.10046527]
[ 0.28637815]
[ 0.28451127]
[ 0.2852141]
[ 0.1445531]
[ 0.1399878]
[ 0.1397559]
[ 0.80388665]
[ 0.7526176]
[ 0.0536043]
[ 0.05133706]
[ 0.05458149]
[ 0.0918712]
[ 0.09187108]
[ 0.08959925]
[ 0.09187821]
[ 0.06215134]
[ 0.06215134]
[ 0.06215134]
[ 0.06215134]
[ 0.06215131]
[ 0.06215134]
[ 0.09451622]
[ 0.09451619]
[ 0.09425414]
[ 0.09452462]
[ 0.06214932]
[ 0.0621489]
[ 0.0621492]
[ 0.06214944]
[ 0.06214944]
[ 0.]
[ 0.]
[ 0.]
[ 0.]
[ 0.]
[ 0.06212628]
[ 0.06141347]
[ 0.06212965]
[ 0.06212935]
[ 0.]
[ 0.]
[ 0.]
[ 0.]
[ 0.]
[ 0.]
[ 0.]
[ 0.]
[ 0.]
[ 0.]
[ 0.06215125]
[ 0.06215134]
[ 0.06215134]
[ 0.06215113]
[ 0.06215134]
[ 0.06215078]
[ 0.06212202]
[ 0.06215078]
[ 0.06215078]
[ 0.06215075]
[ 0.]
[ 0.]
[ 0.]
[ 0.]
[ 0.]
[ 0.06214705]
[ 0.06214687]
[ 0.06214699]
[ 0.06214556]
[ 0.06212491]
[ 0.04314634]
[ 0.07036102]
[ 0.06486669]
[ 0.08005223]
[ 0.08234501]
[ 0.01442087]
[ 0.01587951]
[ 0.01598689]
[ 0.0060887]
[ 0.02248925]
[ 0.01562351]
[ 0.01439434]
[ 0.0159941]
[ 0.14943352]
[ 0.1489521]
[ 0.]
[ 0.]
[ 0.]
[ 0.]
[ 0.]
[ 0.0621509]
[ 0.06214881]
[ 0.06214917]
[ 0.06215101]
[ 0.06215101]
[ 0.06215099]
[ 0.06194597]
[ 0.06194597]
[ 0.06194213]
[ 0.06189641]
[ 0.06189331]
[ 0.07437289]
[ 0.88280606]
[ 0.06378743]
[ 0.05475089]
[ 0.03107339]
[ 0.06036136]
[ 0.05339286]
[ 0.05962944]
[ 0.]
[ 0.]
[ 0.]
[ 0.]
[ 0.]
[ 0.15115458]
[ 0.14402115]
[ 0.15117878]
[ 0.14614257]
[ 0.]
[ 0.]
[ 0.]
[ 0.]
[ 0.]
[ 0.01562083]
[ 0.02386189]
[ 0.01540777]
[ 0.02428189]
[ 0.01547548]
[ 0.02671674]
[ 0.01548219]
[ 0.01548356]
[ 0.0901652]
[ 0.09016514]
[ 0.09829587]
[ 0.08103257]
[ 0.06211755]
[ 0.06211755]
[ 0.062116]
[ 0.06202409]
[ 0.06210631]
[ 0.26517048]
[ 0.2676394]
[ 0.21147737]
[ 0.06215125]
[ 0.06215125]
[ 0.06215125]
[ 0.06215125]
[ 0.06215125]
[ 0.06215125]
[ 0.05503762]
[ 0.79317886]
[ 0.7904166]
[ 0.05414441]
[ 0.06277549]
[ 0.05381525]
[ 0.05652529]
[ 0.1350581]
[ 0.05365449]
[ 0.13507101]
[ 0.13507244]
[ 0.08570302]
[ 0.08569869]
[ 0.06069699]
[ 0.08504176]
[ 0.]
[ 0.00439799]
[ 0.00410581]
[ 0.00420403]
[ 0.00400224]
[ 0.00204751]
[ 0.06214681]
[ 0.06214768]
[ 0.06198141]
[ 0.06214768]
[ 0.06214768]
[ 0.14278921]
[ 0.14278993]
[ 0.1427882]
[ 0.14806935]
[ 0.14278713]
[ 0.14421371]
[ 0.10808182]
[ 0.10808182]
[ 0.13169926]
[ 0.1080783]
[ 0.08988902]
[ 0.08988896]
[ 0.08710542]
[ 0.08986828]
[ 0.02964446]
[ 0.04696193]
[ 0.0238153]
[ 0.0396024]
[ 0.0244813]
[ 0.04528576]
[ 0.04365373]
[ 0.66646135]
[ 0.67729294]
[ 0.57846147]
[ 0.00077289]
[ 0.02625376]
[ 0.06215113]
[ 0.06215113]
[ 0.06215113]
[ 0.06215113]
[ 0.06215113]
[ 0.06215113]
[ 0.]
[ 0.]
[ 0.]
[ 0.]
[ 0.06214809]
[ 0.06214809]
[ 0.062103]
[ 0.06214809]
[ 0.06214806]
[ 0.06214809]
[ 0.0753172]
[ 0.06798363]
[ 0.07532388]
[ 0.0689747]
[ 0.07538578]
[ 0.69206953]
[ 0.03021494]
[ 0.03660733]
[ 0.06214997]
[ 0.06215]
[ 0.06215]
[ 0.06214997]
[ 0.0621497]
[ 0.06214535]
[ 0.06214535]
[ 0.06214511]
[ 0.06214535]
[ 0.06214523]
[ 0.06214535]
[ 0.3577491]
[ 0.03965732]
[ 0.05691165]
[ 0.05692726]
[ 0.05536181]
[ 0.0620127]
[ 0.06201261]
[ 0.06201279]
[ 0.06201279]
[ 0.06198904]
[ 0.0546594]
[ 0.0600327]
[ 0.06003267]
[ 0.05442441]
[ 0.06002885]
[ 0.02397633]
[ 0.62440985]
[ 0.5580101]
[ 0.0621506]
[ 0.06214988]
[ 0.06215042]
[ 0.06215063]
[ 0.06215063]
[ 0.06215063]
[ 0.00891954]
[ 0.0089193]
[ 0.00891954]
[ 0.00891954]
[ 0.00891951]
[ 0.]
[ 0.00209764]
[ 0.04892382]
[ 0.05110973]
[ 0.04044253]
[ 0.0538404]
[ 0.02789]
[ 0.06178936]
[ 0.04784477]
[ 0.06178924]
[ 0.06178153]
[ 0.06178936]
[ 0.06152201]
[ 0.06106007]
[ 0.06210375]
[ 0.06210345]
[ 0.06215101]
[ 0.06215119]
[ 0.06215119]
[ 0.06215122]
[ 0.06215042]
[ 0.06215146]
[ 0.06215143]
[ 0.06215146]
[ 0.06215134]
[ 0.06215146]
[ 0.06215146]
[ 0.06215119]
[ 0.06215033]
[ 0.06215113]
[ 0.06215119]
[ 0.06215042]
[ 0.06281275]
[ 0.84950781]
[ 0.07574022]
[ 0.06214994]
[ 0.06215]
[ 0.06215]
[ 0.06215]
[ 0.06198946]
[ 0.06212103]
[ 0.06212091]
[ 0.06212059]
[ 0.06212121]
[ 0.00512719]
[ 0.00486702]
[ 0.00535488]
[ 0.01039249]
[ 0.00497368]
[ 0.00213078]
[ 0.79426521]
[ 0.81085503]
[ 0.06100774]
[ 0.0600799]
[ 0.05995449]
[ 0.06010062]
[ 0.05995071]
[ 0.06159478]
[ 0.06212685]
[ 0.06212699]
[ 0.06212699]
[ 0.06212562]
[ 0.06214854]
[ 0.06214863]
[ 0.06214747]
[ 0.06214863]
[ 0.06214863]
[ 0.0765968]
[ 0.04755044]
[ 0.07930726]
[ 0.07953912]
[ 0.08103162]
[ 0.02465031]
[ 0.04984799]
[ 0.00848272]
[ 0.04264402]
[ 0.04904619]
[ 0.02259085]
[ 0.02210435]
[ 0.02472842]
[ 0.06831306]
[ 0.05226004]
[ 0.06318617]
[ 0.06502566]
[ 0.06693652]
[ 0.01107067]
[ 0.01100805]
[ 0.01098207]
[  2.68220901e-06]
[ 0.0097445]
[ 0.01995373]
[ 0.01100633]
[ 0.06214559]
[ 0.06211311]
[ 0.06214845]
[ 0.0621489]
[ 0.06213993]
[ 0.74493027]
[ 0.73358655]
[ 0.03140265]
[ 0.1511994]
[ 0.15043551]
[ 0.15119255]
[ 0.15119198]
[ 0.09003013]
[ 0.09002805]
[ 0.06681961]
[ 0.08673245]
[ 0.]
[ 0.]
[ 0.]
[ 0.]
[ 0.06905746]
[ 0.03275904]
[ 0.06925121]
[ 0.06396794]
[ 0.07292029]
[ 0.09525108]
[ 0.0952509]
[ 0.11185783]
[ 0.08518821]
[ 0.06203288]
[ 0.06203288]
[ 0.06203288]
[ 0.06109029]
[ 0.06203279]
[ 0.09284556]
[ 0.09284544]
[ 0.09178001]
[ 0.09281802]
[ 0.08565593]
[ 0.08565584]
[ 0.07990015]
[ 0.08565778]
[ 0.01787573]
[ 0.01921403]
[ 0.03401235]
[ 0.01887465]
[ 0.01832777]
[ 0.03478819]
[ 0.02126774]
[ 0.]
[ 0.]
[ 0.]
[ 0.]
[ 0.]
[ 0.]
[ 0.]
[ 0.]
[ 0.]
[ 0.]
[ 0.]
[ 0.10659665]
[ 0.10659671]
[ 0.12425575]
[ 0.10659805]
[ 0.05277085]
[ 0.05449763]
[ 0.14028713]
[ 0.67881477]
[ 0.05354854]
[ 0.03332227]
[ 0.0597491]
[ 0.06137902]
[ 0.0635902]
[ 0.0618858]
[ 0.0619705]
[ 0.06203148]
[ 0.0620628]
[ 0.06206286]
[ 0.12972361]
[ 0.14752519]
[ 0.14752492]
[ 0.11207104]
[ 0.11184821]
[ 0.09024313]
[ 0.11145902]
[ 0.11369485]
[ 0.06203103]
[ 0.06202942]
[ 0.06202665]
[ 0.05730155]
[ 0.06169295]
[ 0.06203082]
[ 0.37917078]
[ 0.44275036]
[ 0.17269751]
[ 0.19356236]
[ 0.55200124]
[ 0.123797]
[ 0.04997683]
[ 0.05036026]
[ 0.05025235]
[ 0.04472598]
[ 0.05037007]
[ 0.10421216]
[ 0.10421214]
[ 0.11078048]
[ 0.10421401]
[ 0.47118792]
[ 0.]
[ 0.026878]
[ 0.01425532]
[ 0.01397619]
[ 0.0139806]
[ 0.03123018]
[ 0.50575292]
[ 0.50600356]
[ 0.07796067]
[ 0.14165583]
[ 0.0692828]
[ 0.00149712]
[ 0.01171666]
[ 0.00702587]
[ 0.01400083]
[ 0.01419461]
[ 0.0144603]
[ 0.06214687]
[ 0.06214672]
[ 0.06214616]
[ 0.06214684]
[ 0.14565176]
[ 0.10478687]
[ 0.10475403]
[ 0.06215116]
[ 0.06215054]
[ 0.06215099]
[ 0.06215093]
[ 0.06215107]
[ 0.06215116]
[ 0.14762443]
[ 0.147533]
[ 0.06214881]
[ 0.06209382]
[ 0.06214869]
[ 0.06214914]
[ 0.06214198]
[ 0.06214875]
[ 0.03610355]
[ 0.03949198]
[ 0.02048868]
[ 0.01974395]
[ 0.02514586]
[ 0.01476702]
[ 0.02006212]
[ 0.06214213]
[ 0.06211105]
[ 0.0619899]
[ 0.06213105]
[ 0.06214547]
[ 0.06215101]
[ 0.0621509]
[ 0.06215107]
[ 0.06214917]
[ 0.01772621]
[ 0.01763397]
[ 0.025489]
[ 0.02196872]
[ 0.01869616]
[ 0.01829517]
[ 0.01870012]
[ 0.02474868]
[ 0.14930698]
[ 0.1493066]
[ 0.14935833]
[ 0.14931262]
[ 0.14933416]
[ 0.13506538]
[ 0.]
[ 0.]
[ 0.]
[ 0.]
[ 0.]
[ 0.]
[ 0.03242818]
[ 0.21449775]
[ 0.77925551]
[ 0.00754535]
[ 0.00735602]
[ 0.00825596]
[ 0.00828975]
[ 0.01124537]
[ 0.00828975]
[ 0.01257199]
[ 0.01070437]
[ 0.]
[ 0.]
[ 0.]
[ 0.]
[ 0.]
[ 0.09547332]
[ 0.09547332]
[ 0.09541789]
[ 0.09547955]
[ 0.01923418]
[ 0.01922816]
[ 0.00088492]
[  2.98023224e-08]
[ 0.01923287]
[ 0.06776533]
[ 0.78513193]
[ 0.05724314]
[ 0.10767609]
[ 0.10767609]
[ 0.12877315]
[ 0.10766205]
[ 0.06214631]
[ 0.06214577]
[ 0.0620932]
[ 0.06214631]
[ 0.06214631]
[ 0.09071317]
[ 0.09071311]
[ 0.08835462]
[ 0.09072083]
[ 0.0833329]
[ 0.0833329]
[ 0.06392086]
[ 0.08333302]
[ 0.15324765]
[ 0.15372336]
[ 0.15372318]
[ 0.15372699]
[ 0.15372446]
[ 0.15372312]
[ 0.03848511]
[ 0.03848511]
[ 0.03848511]
[ 0.03848511]
[ 0.03848511]
[ 0.00372931]
[ 0.26517904]
[ 0.04771096]
[ 0.02508679]
[ 0.0278374]
[ 0.04784101]
[ 0.04837146]
[ 0.08387142]
[ 0.0819847]
[ 0.08384347]
[ 0.08327219]
[ 0.08403063]
[ 0.06214705]
[ 0.06210876]
[ 0.06214699]
[ 0.06204996]
[ 0.06208965]
[ 0.06215]
[ 0.06215]
[ 0.06214595]
[ 0.06214994]
[ 0.06214997]
[ 0.06214705]
[ 0.00031212]
[ 0.]
[ 0.00031891]
[ 0.00057557]
[ 0.00063542]
[ 0.0104132]
[ 0.02038753]
[ 0.02268586]
[ 0.0226199]
[ 0.02131531]
[ 0.01129401]
[ 0.1090281]
[ 0.37102604]
[ 0.11044949]
[ 0.06295726]
[ 0.11095321]
[ 0.02303636]
[ 0.01788816]
[ 0.02005389]
[ 0.01954535]
[ 0.02482301]
[ 0.03038964]
[ 0.04054061]
[ 0.02022302]
[ 0.10460392]
[ 0.10460114]
[ 0.25598913]
[ 0.09440839]
[ 0.09440839]
[ 0.09440839]
[ 0.09440839]
[ 0.08890095]
[ 0.09440708]
[ 0.02391928]
[ 0.01474977]
[ 0.01474878]
[ 0.02526444]
[ 0.01474899]
[ 0.01813787]
[ 0.01678121]
[ 0.01404282]
[ 0.]
[ 0.]
[ 0.]
[ 0.]
[ 0.]
[ 0.]
[ 0.06215021]
[ 0.06215021]
[ 0.06213361]
[ 0.06215018]
[ 0.06215021]
[ 0.06215021]
[ 0.]
[ 0.]
[ 0.]
[ 0.03834456]
[ 0.02049595]
[ 0.02003601]
[ 0.02049893]
[ 0.03323928]
[ 0.02126727]
[ 0.0182735]
[ 0.02049646]
[ 0.06215104]
[ 0.06215057]
[ 0.06215107]
[ 0.06213972]
[ 0.06215036]
[ 0.06215107]
[ 0.06703994]
[ 0.83550227]
[ 0.81360734]
[ 0.06688958]
[ 0.06681702]
[ 0.07516676]
[ 0.02641004]
[ 0.64799052]
[ 0.71508682]
[ 0.02315047]
[ 0.02324712]
[ 0.01166251]
[ 0.01054424]
[ 0.]
[ 0.]
[ 0.]
[ 0.]
[ 0.]
[ 0.]
[ 0.13816094]
[ 0.13816082]
[ 0.1381582]
[ 0.13816085]
[ 0.13798958]
[  8.64267349e-07]
[ 0.]
[ 0.87997413]
[ 0.05726725]
[ 0.05682424]
[ 0.06204206]
[ 0.06204343]
[ 0.06204346]
[ 0.06204346]
[ 0.06203452]
[ 0.06204346]
[ 0.]
[ 0.]
[ 0.]
[ 0.]
[ 0.]
[ 0.]
[ 0.08323634]
[ 0.08323631]
[ 0.07421422]
[ 0.08254805]
[ 0.6769883]
[ 0.11733115]
[ 0.11268929]
[ 0.11283034]
[ 0.1126917]
[ 0.11262855]
[ 0.11267674]
[ 0.11271363]
[ 0.11270359]
[ 0.06214964]
[ 0.06214964]
[ 0.06214955]
[ 0.06214949]
[ 0.06214952]
[ 0.11168715]
[ 0.11223626]
[ 0.0071665]
[ 0.10052329]
[ 0.11405468]
[ 0.11168543]
[ 0.11164346]
[ 0.05539411]
[ 0.06150699]
[ 0.06522745]
[ 0.06229725]
[ 0.06200221]
[ 0.06186095]
[ 0.06197423]
[ 0.05660096]
[ 0.06200236]
[ 0.12673518]
[ 0.13013026]
[ 0.12199712]
[ 0.04761463]
[ 0.12672976]
[ 0.1161266]
[ 0.08460596]
[ 0.08460596]
[ 0.07520595]
[ 0.08460671]
[ 0.12017906]
[ 0.12017363]
[ 0.12016827]
[ 0.12018016]
[ 0.06214911]
[ 0.06213146]
[ 0.06215006]
[ 0.06215]
[ 0.06215006]
[ 0.06213406]
[ 0.03792688]
[ 0.49168041]
[ 0.19755065]
[ 0.1536817]
[ 0.15377289]
[ 0.10477597]
[ 0.86880475]
[ 0.1215356]
[ 0.10699975]
[ 0.10448402]
[ 0.11209378]
[ 0.10447359]
[ 0.06214952]
[ 0.06215134]
[ 0.06215134]
[ 0.06215119]
[ 0.06215131]
[ 0.03533468]
[ 0.68314046]
[ 0.15087634]
[ 0.]
[ 0.]
[ 0.]
[ 0.]
[ 0.]
[ 0.08633623]
[ 0.08229604]
[ 0.0864768]
[ 0.08406249]
[ 0.08647969]
[ 0.06215134]
[ 0.06215134]
[ 0.06215134]
[ 0.06215134]
[ 0.09488398]
[ 0.09508681]
[ 0.0948036]
[ 0.0979391]
[ 0.09493655]
[ 0.06215113]
[ 0.06215113]
[ 0.06215113]
[ 0.06214577]
[ 0.06214857]
[ 0.16577241]
[ 0.16773212]
[ 0.16759476]
[ 0.09871092]
[ 0.09871083]
[ 0.10038519]
[ 0.09871218]
[ 0.]
[ 0.]
[ 0.]
[ 0.]
[ 0.]
[ 0.13367638]
[ 0.21581751]
[ 0.13149124]
[ 0.11950684]
[ 0.11363727]
[ 0.06884068]
[ 0.13172239]
[ 0.15095481]
[ 0.15364456]
[ 0.14654452]
[ 0.14209333]
[ 0.15094692]
[ 0.14640743]
[ 0.82390976]
[ 0.8109864]
[ 0.0761213]
[ 0.06926101]
[ 0.09652367]
[ 0.08282915]
[ 0.04357365]
[ 0.04357332]
[  9.14633274e-05]
[ 0.04778177]
[ 0.14210629]
[ 0.14217019]
[ 0.33519745]
[ 0.57029569]
[ 0.0650605]
[ 0.09561932]
[ 0.09561932]
[ 0.09557354]
[ 0.09562811]
[ 0.05878124]
[ 0.04054484]
[ 0.05960399]
[ 0.05476493]
[ 0.0597204]
[ 0.04051861]
[ 0.04122481]
[ 0.73661911]
[ 0.07710829]
[ 0.03876048]
[ 0.0384227]
[ 0.]
[ 0.]
[ 0.]
[  1.19209290e-07]
[ 0.10406911]
[ 0.10406911]
[ 0.1184763]
[ 0.10406843]
[ 0.09384355]
[ 0.09384298]
[ 0.09268826]
[ 0.09384441]
[ 0.08524972]
[ 0.1317789]
[ 0.13177857]
[ 0.15370327]
[ 0.15321597]
[ 0.15598914]
[ 0.09554964]
[ 0.09554794]
[ 0.09545377]
[ 0.09555623]
[ 0.]
[ 0.]
[ 0.]
[ 0.]
[ 0.]
[ 0.06215101]
[ 0.06215131]
[ 0.06215134]
[ 0.06215113]
[ 0.06215134]
[ 0.06215122]
[ 0.10065848]
[ 0.10065836]
[ 0.11270648]
[ 0.09988949]
[ 0.42988425]
[ 0.41557804]
[ 0.42741185]
[ 0.08582261]
[ 0.08582261]
[ 0.07909566]
[ 0.08572969]
[ 0.08426982]
[ 0.08426991]
[ 0.07503915]
[ 0.08427507]
[ 0.15321508]
[ 0.15310267]
[ 0.15607497]
[ 0.12759551]
[ 0.15336898]
[ 0.11818805]
[ 0.06215134]
[ 0.06215134]
[ 0.06215134]
[ 0.06215134]
[ 0.06215134]
[ 0.06215134]
[ 0.06215626]
[ 0.06215626]
[ 0.06215626]
[ 0.06215626]
[ 0.06215623]
[ 0.06215626]
[ 0.12186426]
[ 0.12217668]
[ 0.01759341]
[ 0.01840946]
[ 0.01983836]
[ 0.01978135]
[ 0.01984897]
[ 0.01884535]
[ 0.0284428]
[ 0.0621509]
[ 0.06214958]
[ 0.06215131]
[ 0.06215134]
[ 0.06215125]
[ 0.06215134]
[ 0.02314621]
[ 0.02284902]
[ 0.045793]
[ 0.03790706]
[ 0.07758579]
[ 0.02312711]
[ 0.02317646]
[ 0.06214607]
[ 0.06214601]
[ 0.06211871]
[ 0.06214553]
[ 0.05864456]
[ 0.02802536]
[ 0.02971485]
[ 0.05776381]
[ 0.0290176]
[ 0.05845177]
[ 0.15481284]
[ 0.15485281]
[ 0.06204593]
[ 0.06214911]
[ 0.06214911]
[ 0.06214911]
[ 0.06214905]
[ 0.14773825]
[ 0.02489299]
[ 0.01903275]
[ 0.01966444]
[ 0.02038658]
[ 0.01322001]
[ 0.84687048]
[ 0.07612988]
[ 0.84704733]
[ 0.0816007]
[ 0.07614988]
[ 0.07622987]
[ 0.0769833]
[ 0.06182179]
[ 0.06182176]
[ 0.06182182]
[ 0.04913542]
[ 0.06182179]
[ 0.0621148]
[ 0.06211427]
[ 0.06211486]
[ 0.06211486]
[ 0.06211486]
[ 0.06211486]
[ 0.06215119]
[ 0.06215113]
[ 0.06215119]
[ 0.06215119]
[ 0.06215119]
[ 0.06214622]
[ 0.00566468]
[ 0.4024635]
[ 0.34295595]
[ 0.06158412]
[ 0.06206366]
[ 0.06214029]
[ 0.06214005]
[ 0.06213921]
[ 0.06213903]
[ 0.86145437]
[ 0.09629235]
[ 0.86267257]
[ 0.08532014]
[ 0.08538717]
[ 0.08586138]
[ 0.08538795]
[ 0.14975837]
[ 0.14981645]
[ 0.14983514]
[ 0.1500611]
[ 0.14968014]
[ 0.68561399]
[ 0.11682117]
[ 0.08635837]
[ 0.08109295]
[ 0.08878994]
[ 0.0621475]
[ 0.06214762]
[ 0.06214729]
[ 0.0621475]
[ 0.0621281]
[ 0.06214765]
[ 0.01729363]
[ 0.03379485]
[ 0.03346643]
[ 0.03348696]
[ 0.01288801]
[ 0.]
[ 0.]
[ 0.]
[ 0.07505745]
[ 0.07316455]
[ 0.08475262]
[ 0.85828328]
[ 0.0703508]
[ 0.03794891]
[ 0.07129067]
[ 0.05432582]
[ 0.0712319]
[ 0.13499725]
[ 0.12065825]
[ 0.12828523]
[ 0.06876987]
[ 0.12802824]
[ 0.24510252]
[ 0.2104173]
[ 0.24485075]
[ 0.22984305]
[ 0.07099062]
[ 0.07706147]
[ 0.16269022]
[ 0.01060081]
[ 0.01060078]
[ 0.01060081]
[ 0.01060081]
[ 0.00011241]
[  1.19209290e-07]
[ 0.01270479]
[ 0.01270479]
[ 0.01270479]
[ 0.01270476]
[ 0.01270425]
[ 0.01270479]
[ 0.01066095]
[  2.04741955e-05]
[ 0.]
[ 0.00549379]
[ 0.15141836]
[ 0.15095016]
[ 0.15106764]
[ 0.15106687]
[ 0.1510776]
[ 0.15106833]
[ 0.]
[ 0.]
[ 0.]
[ 0.]
[ 0.]
[ 0.]
[ 0.06215057]
[ 0.06215057]
[ 0.06215048]
[ 0.06215057]
[ 0.06213143]
[ 0.0621506]
[ 0.0621506]
[ 0.06214821]
[ 0.06215078]
[ 0.06215009]
[ 0.06214765]
[ 0.15360513]
[ 0.15369126]
[ 0.15760577]
[ 0.1536501]
[ 0.15389892]
[ 0.15370005]
[ 0.0617229]
[ 0.05128062]
[ 0.06075999]
[ 0.05929652]
[ 0.05754122]
[ 0.06215125]
[ 0.0621509]
[ 0.06215125]
[ 0.06215122]
[ 0.06215125]
[ 0.06215125]
[ 0.]
[ 0.]
[ 0.]
[ 0.]
[ 0.]
[ 0.06201208]
[ 0.06201068]
[ 0.06200555]
[ 0.05640605]
[ 0.06201205]
[ 0.]
[ 0.]
[ 0.]
[ 0.]
[ 0.]
[ 0.]
[ 0.]
[ 0.]
[ 0.]
[ 0.]
[ 0.08944851]
[ 0.08944845]
[ 0.0988034]
[ 0.08092991]
[ 0.06199837]
[ 0.06204438]
[ 0.06204867]
[ 0.06203827]
[ 0.05782333]
[ 0.0620676]
[ 0.0621177]
[ 0.0621244]
[ 0.06148615]
[ 0.0621244]
[ 0.06212437]
[ 0.14514977]
[ 0.06214574]
[ 0.06214574]
[ 0.06214574]
[ 0.06214574]
[ 0.06211725]
[ 0.06214565]
[ 0.09310439]
[ 0.09310439]
[ 0.0920721]
[ 0.09295568]
[ 0.01767692]
[ 0.03226715]
[ 0.01605111]
[ 0.02785251]
[ 0.00060806]
[ 0.03495616]
[ 0.03066912]
[ 0.0621509]
[ 0.0621382]
[ 0.0621509]
[ 0.0621509]
[ 0.0850063]
[ 0.85385811]
[ 0.85565984]
[ 0.08892652]
[ 0.0849719]
[ 0.08436412]
[ 0.08869374]
[ 0.08436477]
[ 0.10757357]
[ 0.10757357]
[ 0.1261175]
[ 0.10756755]
[ 0.0620884]
[ 0.06185904]
[ 0.06210628]
[ 0.06213376]
[ 0.00027838]
[ 0.00868988]
[ 0.01302549]
[ 0.00633186]
[ 0.01291707]
[ 0.01303327]
[  1.78813934e-06]
[ 0.09181273]
[ 0.09181279]
[ 0.09028101]
[ 0.09181166]
[ 0.09648693]
[ 0.09648705]
[ 0.09642065]
[ 0.09649104]
[ 0.0853534]
[ 0.08732128]
[ 0.08736861]
[ 0.08499455]
[ 0.08738261]
[ 0.]
[ 0.00037548]
[ 0.00795785]
[ 0.00770092]
[ 0.00471345]
[ 0.00819388]
[ 0.]
[ 0.]
[ 0.]
[ 0.]
[ 0.]
[ 0.06215116]
[ 0.06215116]
[ 0.06215116]
[ 0.06215113]
[ 0.06215116]
[ 0.06215116]
[ 0.07272995]
[ 0.03969321]
[ 0.07485753]
[ 0.0627239]
[ 0.07598144]
[ 0.01783285]
[ 0.32429451]
[ 0.32063431]
[ 0.00621405]
[ 0.]
[ 0.00340992]
[ 0.00522926]
[ 0.00707969]
[ 0.00686103]
[ 0.00333884]
[ 0.00343293]
[ 0.14533246]
[ 0.14711344]
[ 0.42197508]
[ 0.37627339]
[ 0.41541302]
[ 0.05297378]
[ 0.05297381]
[ 0.11966947]
[ 0.12371984]
[ 0.1196692]
[ 0.1196785]
[ 0.11970288]
[ 0.11993814]
[ 0.13460222]
[ 0.06209514]
[ 0.06209511]
[ 0.06209505]
[ 0.06207898]
[ 0.06199694]
[ 0.09652269]
[ 0.09652263]
[ 0.09652212]
[ 0.0965248]
[ 0.02771461]
[ 0.02773011]
[ 0.03074148]
[ 0.02495074]
[ 0.06211287]
[ 0.06210512]
[ 0.06208646]
[ 0.06209731]
[ 0.06207731]
[ 0.]
[ 0.]
[ 0.]
[ 0.]
[ 0.]
[ 0.]
[ 0.08803061]
[ 0.08803061]
[ 0.08111227]
[ 0.08802974]
[ 0.06211841]
[ 0.06213924]
[ 0.06213924]
[ 0.0621393]
[ 0.0621393]
[ 0.0621393]
[ 0.78043705]
[ 0.45819664]
[ 0.02973813]
[ 0.0966866]
[ 0.0966866]
[ 0.09668663]
[ 0.09668711]
[ 0.10764939]
[ 0.42138302]
[ 0.06120554]
[ 0.06214994]
[ 0.06215006]
[ 0.06215]
[ 0.06215]
[ 0.06215006]
[ 0.14640626]
[ 0.14646387]
[ 0.05968761]
[ 0.06210604]
[ 0.0621061]
[ 0.0621061]
[ 0.06210619]
[ 0.06210619]
[ 0.09127039]
[ 0.09127039]
[ 0.08996388]
[ 0.09125829]
[ 0.12544274]
[ 0.15117088]
[ 0.10397288]
[ 0.06199819]
[ 0.06199819]
[ 0.06199804]
[ 0.06199819]
[ 0.06109995]
[ 0.0619958]
[ 0.41357562]
[ 0.32157743]
[ 0.43213373]
[ 0.]
[ 0.]
[ 0.]
[ 0.]
[ 0.02385211]
[ 0.03325102]
[ 0.03796518]
[ 0.03571931]
[ 0.02903759]
[ 0.01463974]
[ 0.11211294]
[ 0.14921543]
[ 0.10819361]
[ 0.06214982]
[ 0.06214964]
[ 0.06214979]
[ 0.06214064]
[ 0.06215131]
[ 0.06215099]
[ 0.06215131]
[ 0.06215125]
[ 0.06215131]
[ 0.06215131]
[ 0.0621475]
[ 0.06211245]
[ 0.06214991]
[ 0.06214991]
[ 0.06214976]
[ 0.14164439]
[ 0.13591889]
[ 0.08332169]
[ 0.08085889]
[ 0.0832333]
[ 0.08286953]
[ 0.08333474]
[ 0.08590046]
[ 0.08590046]
[ 0.07960597]
[ 0.08590147]
[ 0.]
[ 0.]
[ 0.]
[ 0.]
[ 0.]
[ 0.09619525]
[ 0.09619486]
[ 0.09614012]
[ 0.09619567]
[ 0.06215134]
[ 0.06215134]
[ 0.06215131]
[ 0.06215134]
[ 0.23723534]
[ 0.07198533]
[ 0.08024862]
[ 0.08032548]
[ 0.15057561]
[ 0.15139526]
[ 0.15065229]
[ 0.15055892]
[ 0.15055984]
[ 0.15037006]
[ 0.14798677]
[ 0.14798632]
[ 0.14801419]
[ 0.14794147]
[ 0.14777675]
[ 0.14798909]
[  1.78813934e-07]
[ 0.00216314]
[ 0.01155609]
[ 0.0160113]
[ 0.00733274]
[ 0.01618102]
[ 0.10310677]
[ 0.10311642]
[ 0.09447134]
[ 0.09447113]
[ 0.09442419]
[ 0.09442884]
[ 0.]
[ 0.]
[ 0.]
[ 0.]
[ 0.]
[ 0.]
[ 0.09869581]
[ 0.09869549]
[ 0.09978276]
[ 0.09861499]
[ 0.03898251]
[ 0.0217669]
[ 0.03337908]
[ 0.02213871]
[ 0.02220359]
[ 0.02026764]
[ 0.04445264]
[ 0.]
[ 0.]
[ 0.]
[ 0.]
[ 0.]
[ 0.]
[ 0.]
[ 0.]
[ 0.]
[ 0.]
[ 0.]
[ 0.]
[ 0.06215149]
[ 0.06215161]
[ 0.06215161]
[ 0.06215161]
[ 0.06215161]
[ 0.06215161]
[ 0.04781789]
[ 0.03801519]
[ 0.04780433]
[ 0.076224]
[ 0.047815]
[ 0.09625256]
[ 0.09625262]
[ 0.09625691]
[ 0.09625703]
[ 0.19486663]
[ 0.19344246]
[ 0.19444859]
[ 0.]
[ 0.]
[ 0.]
[ 0.]
[ 0.]
[ 0.]
[ 0.06145775]
[ 0.0515005]
[ 0.04884428]
[ 0.05637428]
[ 0.06142974]
[ 0.02539745]
[ 0.70142347]
[ 0.51704645]
[ 0.06208098]
[ 0.06201544]
[ 0.06206438]
[ 0.06198168]
[ 0.06207973]
[ 0.22870049]
[ 0.21303669]
[ 0.22849312]
[ 0.0227893]
[ 0.0197013]
[ 0.03689545]
[ 0.03452641]
[ 0.02110234]
[ 0.02274713]
[ 0.03474933]
[ 0.02271351]
[ 0.14168593]
[ 0.15286344]
[ 0.13891777]
[ 0.14167312]
[ 0.14167848]
[ 0.14167985]
[ 0.14166707]
[ 0.]
[ 0.]
[ 0.]
[ 0.]
[ 0.]
[ 0.]
[ 0.06215125]
[ 0.06214997]
[ 0.06215125]
[ 0.06215119]
[ 0.06215125]
[ 0.06215125]
[ 0.05067348]
[ 0.08452523]
[ 0.823349]
[ 0.06214595]
[ 0.06214622]
[ 0.06214637]
[ 0.06213915]
[ 0.09468704]
[ 0.0946871]
[ 0.09384191]
[ 0.09468907]
[ 0.03814366]
[ 0.02882281]
[ 0.03854871]
[ 0.01737043]
[ 0.00734019]
[ 0.03712672]
[ 0.01784217]
[ 0.16403615]
[ 0.16110244]
[ 0.11843503]
[ 0.09564239]
[ 0.09564227]
[ 0.09154451]
[ 0.09564698]
[ 0.09521791]
[ 0.09521791]
[ 0.09521791]
[ 0.09521791]
[ 0.09166685]
[ 0.09515089]
[ 0.1022048]
[ 0.10234421]
[ 0.10234362]
[ 0.06214976]
[ 0.06210965]
[ 0.06215101]
[ 0.06214875]
[ 0.06215131]
[ 0.02268648]
[ 0.02718073]
[ 0.03263679]
[ 0.02624807]
[ 0.04614145]
[ 0.04397753]
[ 0.02275717]
[ 0.02219269]
[ 0.16107604]
[ 0.15861875]
[ 0.16075927]
[ 0.06215048]
[ 0.06215057]
[ 0.06215057]
[ 0.06215057]
[ 0.12719393]
[ 0.12719393]
[ 0.12719059]
[  3.24547291e-05]
[  3.21567059e-05]
[ 0.]
[  2.98023224e-08]
[ 0.06214982]
[ 0.06214982]
[ 0.06214845]
[ 0.06214982]
[ 0.06208181]
[ 0.06214982]
[ 0.06214982]
[ 0.0621489]
[ 0.06214976]
[ 0.14820191]
[ 0.1515677]
[ 0.14560717]
[ 0.02998534]
[ 0.05816701]
[ 0.05850354]
[ 0.05721438]
[ 0.04773286]
[ 0.05382511]
[ 0.06154272]
[ 0.06154251]
[ 0.06154266]
[ 0.05872995]
[ 0.05216733]
[ 0.06214458]
[ 0.06214458]
[ 0.06213403]
[ 0.06214458]
[ 0.08798286]
[ 0.08798289]
[ 0.08363107]
[ 0.08798742]
[ 0.09099191]
[ 0.85780978]
[ 0.85152411]
[ 0.10025641]
[ 0.08572322]
[ 0.08564043]
[ 0.1105704]
[ 0.08564016]
[ 0.11825728]
[ 0.10119024]
[ 0.07628098]
[ 0.06211722]
[ 0.06215048]
[ 0.06215015]
[ 0.06215048]
[ 0.06215048]
[ 0.06215048]
[ 0.02624789]
[ 0.02624789]
[ 0.02624789]
[ 0.02624789]
[ 0.02624789]
[  2.45869160e-05]
[ 0.00224102]
[ 0.30179724]
[ 0.2373611]
[ 0.29760996]
[ 0.05005124]
[ 0.02522323]
[ 0.02574506]
[ 0.05056271]
[ 0.03448844]
[ 0.04754013]
[ 0.04010192]
[ 0.06215099]
[ 0.06215099]
[ 0.06215099]
[ 0.06214881]
[ 0.07197481]
[ 0.07197481]
[ 0.09589034]
[ 0.09589034]
[ 0.09589031]
[ 0.0958904]
[ 0.09416926]
[ 0.09588444]
[ 0.06215134]
[ 0.06215134]
[ 0.06215134]
[ 0.06215134]
[ 0.06215134]
[ 0.01086137]
[ 0.01083243]
[ 0.01076075]
[ 0.01341856]
[ 0.00917327]
[ 0.06215113]
[ 0.06215158]
[ 0.06215143]
[ 0.06215158]
[ 0.06215158]
[ 0.34106952]
[ 0.31671417]
[ 0.34147912]
[ 0.10515717]
[ 0.10515708]
[ 0.12913209]
[ 0.10443357]
[ 0.00288776]
[ 0.00272772]
[ 0.00269517]
[ 0.00278765]
[ 0.00339466]
[ 0.01966622]
[ 0.04008278]
[ 0.02040142]
[ 0.01936427]
[ 0.02128443]
[ 0.03676429]
[ 0.03710967]
[ 0.02028179]
[ 0.02019525]
[ 0.52899027]
[ 0.58871478]
[ 0.02078494]
[ 0.02080759]
[ 0.0201751]
[ 0.]
[ 0.]
[ 0.]
[ 0.]
[ 0.]
[ 0.]
[ 0.14478099]
[ 0.14474899]
[ 0.06214243]
[ 0.06164202]
[ 0.06213927]
[ 0.06214243]
[ 0.06213939]
[ 0.06214243]
[ 0.01900604]
[ 0.02010283]
[ 0.03126734]
[ 0.0291892]
[ 0.01845616]
[ 0.02591985]
[ 0.01744646]
[ 0.05612341]
[ 0.05614278]
[ 0.05614579]
[ 0.05614167]
[ 0.05614454]
[ 0.00259694]
[ 0.06214631]
[ 0.06214541]
[ 0.06214631]
[ 0.0621458]
[ 0.06214747]
[ 0.06215048]
[ 0.06214991]
[ 0.06215]
[ 0.0621492]
[ 0.06215009]
[ 0.05890882]
[ 0.03610408]
[ 0.06827474]
[ 0.03276381]
[ 0.06977311]
[ 0.11074167]
[ 0.13489869]
[ 0.135975]
[ 0.13473254]
[ 0.21427178]
[ 0.11958501]
[ 0.11948612]
[ 0.1168392]
[ 0.11955452]
[ 0.08625272]
[ 0.08625272]
[ 0.07160485]
[ 0.08625656]
[ 0.09632468]
[ 0.09632471]
[ 0.0962728]
[ 0.09632945]
[ 0.08658063]
[ 0.08557701]
[ 0.08656991]
[ 0.08659777]
[ 0.08659559]
[ 0.25817198]
[ 0.26464289]
[ 0.26468423]
[ 0.06214324]
[ 0.06214398]
[ 0.06186774]
[ 0.06214398]
[ 0.06214398]
[ 0.12382931]
[ 0.12396637]
[ 0.12396473]
[ 0.02258837]
[ 0.02378178]
[ 0.02429852]
[ 0.02414665]
[ 0.0464555]
[ 0.02436262]
[ 0.03221878]
[ 0.06186247]
[ 0.05042666]
[ 0.06185827]
[ 0.06186235]
[ 0.06185487]
[ 0.1511592]
[ 0.15113792]
[ 0.15113592]
[ 0.13162142]
[ 0.13131759]
[ 0.13167763]
[ 0.15168035]
[ 0.13245863]
[ 0.14004669]
[ 0.1398657]
[ 0.04146114]
[ 0.03971118]
[ 0.04131839]
[ 0.16732168]
[ 0.0417892]
[ 0.07531309]
[ 0.07217738]
[ 0.07886106]
[ 0.07123077]
[ 0.08092654]
[ 0.4292295]
[ 0.43618801]
[ 0.43633738]
[ 0.02323395]
[ 0.02275166]
[ 0.02912065]
[ 0.02263206]
[ 0.02321792]
[ 0.02319723]
[ 0.0225375]
[ 0.02743188]
[ 0.0240497]
[ 0.0239985]
[ 0.02407563]
[ 0.03572989]
[ 0.04660133]
[ 0.04757637]
[ 0.0479556]
[ 0.04795748]
[ 0.06215099]
[ 0.0621509]
[ 0.06215101]
[ 0.0621509]
[ 0.0621489]
[ 0.06215101]
[ 0.04645276]
[ 0.02358416]
[ 0.02304149]
[ 0.0233351]
[ 0.02117905]
[ 0.0278061]
[ 0.02336296]
[ 0.02247748]
[ 0.0924896]
[ 0.0924896]
[ 0.0924896]
[ 0.09248963]
[ 0.07623342]
[ 0.09248802]
[ 0.03037763]
[ 0.05060995]
[ 0.08360541]
[ 0.14132175]
[ 0.1413193]
[ 0.14131913]
[ 0.14225703]
[ 0.14158782]
[ 0.09461942]
[ 0.09461942]
[ 0.0855104]
[ 0.09461704]
[ 0.53900737]
[ 0.40534252]
[ 0.48472467]
[ 0.0012939]
[ 0.03440237]
[ 0.04178682]
[ 0.04170889]
[ 0.02566418]
[ 0.01023293]
[ 0.02086931]
[ 0.02036852]
[ 0.00984755]
[ 0.01365203]
[ 0.01260415]
[ 0.02839664]
[ 0.05212963]
[ 0.05413052]
[ 0.05279639]
[ 0.02716213]
[ 0.02672526]
[ 0.0122624]
[ 0.06214958]
[ 0.06214973]
[ 0.06208032]
[ 0.06214976]
[ 0.06214887]
[ 0.05857208]
[ 0.05857208]
[ 0.05857208]
[ 0.05857167]
[ 0.03664276]
[ 0.05856958]
[ 0.06243545]
[ 0.05548882]
[ 0.06212327]
[ 0.13409784]
[ 0.06269237]
[ 0.09016085]
[ 0.09016085]
[ 0.09016076]
[ 0.09016076]
[ 0.08416754]
[ 0.08777189]
[ 0.01350233]
[ 0.00781137]
[ 0.01464376]
[ 0.00702888]
[ 0.00929397]
[ 0.02386963]
[ 0.02354619]
[ 0.02387878]
[ 0.04648367]
[ 0.04859304]
[ 0.02384341]
[ 0.02138323]
[ 0.14677688]
[ 0.14524117]
[ 0.14448667]
[ 0.01521245]
[ 0.0005976]
[ 0.01510668]
[ 0.03014275]
[ 0.01506144]
[ 0.02301642]
[ 0.10200867]
[ 0.10022575]
[ 0.13935998]
[ 0.14659166]
[ 0.14978155]
[ 0.06210712]
[ 0.06214437]
[ 0.06214455]
[ 0.06214452]
[ 0.06214285]
[ 0.06214452]
[ 0.06214741]
[ 0.06214741]
[ 0.06214741]
[ 0.06214741]
[ 0.06202266]
[ 0.15303493]
[ 0.15375981]
[ 0.]
[ 0.]
[ 0.]
[ 0.]
[ 0.]
[ 0.]
[ 0.]
[ 0.]
[ 0.]
[ 0.]
[ 0.]
[ 0.00775552]
[ 0.0078699]
[ 0.0058164]
[ 0.00433606]
[ 0.0068948]
[ 0.08062357]
[ 0.08062333]
    Test net output #0: accuracy_action = 0.877424

    Test net output #1: accuracy_scene = 0.895118

    Test net output #2: loss_action = 1.49296

    Test net output #3: loss_scene = 1.10517

[ 0.09674925]
[ 0.09674925]
[ 0.09674925]
[ 0.09672695]
[ 0.0603309]
[ 0.06523237]
[ 0.0603309]
[ 0.0603309]
[ 0.1071606]
[ 0.10716429]
[ 0.10712597]
[ 0.10716429]
[ 0.10711497]
[ 0.10716411]
[ 0.10716429]
[ 0.06215116]
[ 0.06215066]
[ 0.06215063]
[ 0.06215113]
[ 0.06215116]
[ 0.06215048]
[ 0.0873093]
[ 0.0873093]
[ 0.0873093]
[ 0.0873093]
[ 0.0873093]
[ 0.09421247]
[ 0.09421247]
[ 0.09421247]
[ 0.]
[ 0.]
[ 0.]
[ 0.]
[ 0.]
[ 0.]
[ 0.]
[ 0.]
[ 0.]
[ 0.]
[ 0.]
[ 0.]
[ 0.]
[ 0.08396229]
[ 0.08396229]
[ 0.08396229]
[ 0.08396229]
[ 0.08396229]
[ 0.0839617]
[ 0.07866216]
[ 0.07866216]
[ 0.07866216]
[ 0.07866216]
[ 0.07866135]
[ 0.05802119]
[ 0.05802119]
[ 0.05802119]
[ 0.05802119]
[ 0.05795965]
[ 0.05795965]
[ 0.05790386]
[ 0.05795962]
[ 0.05795783]
[ 0.08003697]
[ 0.08003697]
[ 0.08003697]
[ 0.08003697]
[ 0.08003697]
[ 0.05795538]
[ 0.05796266]
[ 0.0579626]
[ 0.05796069]
[ 0.0579626]
[ 0.05796266]
[ 0.09200051]
[ 0.09200042]
[ 0.09200057]
[ 0.07614881]
[ 0.07614881]
[ 0.07614881]
[ 0.07614881]
[ 0.07614881]
[ 0.02938643]
[ 0.09490421]
[ 0.09496859]
[ 0.09480065]
[ 0.0761655]
[ 0.0761655]
[ 0.0761655]
[ 0.0761655]
[ 0.0761655]
[ 0.144923]
[ 0.144923]
[ 0.144923]
[ 0.14492279]
[ 0.07616529]
[ 0.07616532]
[ 0.07616037]
[ 0.07616538]
[ 0.07616538]
[ 0.09160137]
[ 0.09160176]
[ 0.09159964]
[ 0.09159738]
[ 0.09160182]
[ 0.09160173]
[ 0.]
[ 0.]
[ 0.]
[ 0.]
[ 0.]
[ 0.]
[ 0.]
[ 0.]
[ 0.14193365]
[ 0.14186707]
[ 0.14193615]
[ 0.12114072]
[ 0.14193565]
[ 0.14193624]
[ 0.05470419]
[ 0.05470422]
[ 0.054703]
[ 0.05470422]
[ 0.08974707]
[ 0.08974713]
[ 0.08974272]
[ 0.08974713]
[ 0.08974707]
[ 0.08974701]
[ 0.08974585]
[ 0.06508839]
[ 0.06508783]
[ 0.06508839]
[ 0.06508839]
[ 0.07807088]
[ 0.08374599]
[ 0.05282375]
[ 0.05282375]
[ 0.05282375]
[ 0.05282375]
[ 0.05285373]
[ 0.05285373]
[ 0.05285373]
[ 0.05285373]
[ 0.13394928]
[ 0.13394928]
[ 0.13394928]
[ 0.13394928]
[ 0.08177811]
[ 0.08296648]
[ 0.08295041]
[ 0.06328827]
[ 0.06328896]
[ 0.06328878]
[ 0.06328884]
[ 0.06328896]
[ 0.07799214]
[ 0.07839528]
[ 0.0805096]
[ 0.08046192]
[ 0.05454585]
[ 0.05454582]
[ 0.05454585]
[ 0.05454585]
[ 0.05454585]
[ 0.08737692]
[ 0.0873768]
[ 0.08737692]
[ 0.08737692]
[ 0.81334293]
[ 0.05010229]
[ 0.17118981]
[ 0.04939792]
[ 0.]
[ 0.]
[ 0.]
[ 0.]
[ 0.]
[ 0.]
[ 0.]
[ 0.1330131]
[ 0.1330131]
[ 0.13301235]
[ 0.08880103]
[ 0.08880112]
[ 0.08880109]
[ 0.08880109]
[ 0.]
[ 0.]
[ 0.]
[ 0.]
[ 0.]
[ 0.]
[ 0.]
[ 0.]
[ 0.08864513]
[ 0.08860946]
[ 0.08853576]
[ 0.08864552]
[ 0.13243458]
[ 0.13243458]
[ 0.13243467]
[ 0.13243458]
[ 0.13243601]
[ 0.13243458]
[ 0.]
[ 0.]
[ 0.]
[ 0.]
[ 0.]
[ 0.]
[ 0.]
[ 0.]
[ 0.]
[ 0.]
[ 0.]
[ 0.]
[ 0.]
[ 0.]
[ 0.]
[ 0.]
[ 0.]
[ 0.05961266]
[ 0.05961251]
[ 0.05961266]
[ 0.05961266]
[ 0.05961266]
[ 0.06036824]
[ 0.06036824]
[ 0.06036824]
[ 0.06036824]
[ 0.06036824]
[ 0.06036824]
[ 0.12706345]
[ 0.12750396]
[ 0.12750396]
[ 0.12744352]
[ 0.12750396]
[ 0.08787832]
[ 0.08787811]
[ 0.08787805]
[ 0.08787811]
[ 0.07382619]
[ 0.07386115]
[ 0.07385042]
[ 0.]
[ 0.]
[ 0.]
[ 0.]
[ 0.]
[ 0.06062296]
[ 0.06062204]
[ 0.06062299]
[ 0.06062299]
[ 0.45147794]
[ 0.53830779]
[ 0.02000064]
[ 0.02354997]
[ 0.02034068]
[ 0.020823]
[ 0.02061009]
[ 0.02036956]
[ 0.02068511]
[ 0.02032077]
[ 0.12282193]
[ 0.12282193]
[ 0.12282157]
[ 0.12282196]
[ 0.07670501]
[ 0.07675597]
[ 0.07647356]
[ 0.04302368]
[ 0.07674617]
[ 0.07677478]
[ 0.07606983]
[ 0.00703982]
[ 0.07677722]
[ 0.10620552]
[ 0.10618031]
[ 0.10618412]
[ 0.10625088]
[ 0.10611951]
[ 0.10485613]
[ 0.]
[ 0.]
[ 0.]
[ 0.]
[ 0.]
[ 0.]
[ 0.]
[ 0.]
[ 0.]
[ 0.]
[ 0.10738963]
[ 0.10738963]
[ 0.10738963]
[ 0.05785009]
[ 0.05779848]
[ 0.05784953]
[ 0.05785003]
[ 0.09436941]
[ 0.08776855]
[ 0.09436187]
[ 0.05375123]
[ 0.05375126]
[ 0.05374998]
[ 0.05258757]
[ 0.05375105]
[ 0.05355424]
[ 0.05795318]
[ 0.05797961]
[ 0.05791697]
[ 0.05797809]
[ 0.07744956]
[ 0.07744899]
[ 0.07744968]
[ 0.07744974]
[ 0.09660709]
[ 0.09658173]
[ 0.09658173]
[ 0.09661889]
[ 0.09661895]
[ 0.09661883]
[ 0.0966208]
[ 0.05104917]
[ 0.05104917]
[ 0.05104917]
[ 0.05104917]
[ 0.0510487]
[ 0.05882561]
[ 0.05882561]
[ 0.058815]
[ 0.03899348]
[ 0.05587593]
[ 0.09065142]
[ 0.09065256]
[ 0.05639878]
[ 0.05639878]
[ 0.05639878]
[ 0.05639878]
[ 0.05622289]
[ 0.05625278]
[ 0.05627695]
[ 0.05627868]
[ 0.05553797]
[ 0.09211865]
[ 0.09214014]
[ 0.09213993]
[ 0.09213927]
[ 0.09213942]
[ 0.09213942]
[ 0.09166756]
[ 0.07981569]
[ 0.07981563]
[ 0.07981724]
[ 0.]
[ 0.]
[ 0.]
[ 0.]
[ 0.]
[ 0.]
[ 0.]
[ 0.]
[ 0.14635316]
[ 0.14597338]
[ 0.14655423]
[ 0.14656058]
[ 0.0535087]
[ 0.05350873]
[ 0.0535087]
[ 0.05350783]
[ 0.0535087]
[ 0.06654415]
[ 0.06496182]
[ 0.06496176]
[ 0.06496027]
[ 0.06496182]
[ 0.06478143]
[ 0.06317168]
[ 0.06444454]
[ 0.06478176]
[ 0.06130621]
[ 0.0239484]
[ 0.05726296]
[ 0.05726296]
[ 0.05726126]
[ 0.05726296]
[ 0.05726296]
[ 0.]
[ 0.]
[ 0.]
[ 0.]
[ 0.]
[ 0.]
[ 0.]
[ 0.]
